resources\eil101.tsp.txt																										
jump																										
	1613.480067	26																								
	1504.644485	9																								
	1452.824256	9																								
	1449.054259	8																								
	1438.842435	8																								
	1359.545248	8																								
	1392.421463	8																								
	1482.350173	8																								
	1458.308368	9																								
	1383.04828	6																								
	1560.501396	5																								
	1561.676242	5																								
	1482.19411	5																								
	1407.645388	5																								
	1578.735149	5																								
	1436.629975	5																								
	1396.109348	5																								
	1216.850481	6																								
	1492.196288	6																								
	1496.259327	6																								
	1512.884557	5																								
	1469.53734	6																								
	1456.852427	5																								
	1509.164588	5																								
	1520.620815	5																								
	1563.52778	5																								
	1403.834355	5																								
	1415.788377	6																								
	1486.239244	4																								
	1568.420001	6																								
exchange																										
	1444.025609	6																								
	1403.22913	5																								
	1312.267955	11																								
	1324.088495	6																								
	1376.993427	6																								
	1349.971749	5																								
	1339.675769	7																								
	1394.605489	6																								
	1476.346046	4																								
	1404.138434	7																								
	1442.976394	4																								
	1422.884871	6																								
	1523.264268	6																								
	1572.465992	5																								
	1395.174397	5																								
	1310.965514	5																								
	1443.551305	7																								
	1399.581414	8																								
	1332.789523	8																								
	1526.759679	8																								
	1525.852251	8																								
	1290.307315	8																								
	1365.564751	7																								
	1377.796207	7																								
	1357.280144	8																								
	1345.15952	6																								
	1422.663152	5																								
	1317.204839	5																								
	1492.109919	6																								
	1374.451989	5																								
2opt																										
	936.3803374	8																								
	822.0113029	8																								
	891.2492818	5																								
	803.7890145	5																								
	917.3368325	6																								
	881.2567355	5																								
	827.0565466	5																								
	852.3043533	5																								
	905.4329692	5																								
	857.5912072	6																								
	872.3843076	5																								
	837.6455336	5																								
	858.8702988	5																								
	802.7521608	7																								
	875.0736773	5																								
	806.020778	6																								
	895.9921679	6																								
	904.4865446	5																								
	808.9095206	6																								
	855.9200306	5																								
	913.6714523	6																								
	940.2320884	5																								
	840.7886368	6																								
	806.9989077	5																								
	844.9148626	5																								
	913.8378915	6																								
	849.8223998	5																								
	880.9712857	6																								
	880.8615659	5																								
	824.9150595	6																								
resources\eil51.tsp.txt																										
jump																										
	713.6022389	1																								
	889.6515966	1																								
	841.7252352	1																								
	789.7977059	1																								
	854.45039	1																								
	818.1884775	1																								
	756.4427516	1																								
	908.4228649	1																								
	822.7929372	1																								
	832.0462152	1																								
	877.211763	1																								
	816.9511752	1																								
	844.7016286	1																								
	856.0693745	1																								
	876.9659901	1																								
	920.8421549	1																								
	770.7261834	1																								
	869.2357305	2																								
	813.9995679	1																								
	731.5070343	1																								
	870.0493958	1																								
	774.9403086	1																								
	877.6090889	2																								
	1014.985978	1																								
	822.4484944	1																								
	878.1285836	1																								
	820.7850456	1																								
	827.7090704	1																								
	970.069996	1																								
	1040.187988	1																								
exchange																										
	826.5996664	1																								
	772.3339005	1																								
	791.357559	2																								
	847.4306953	1																								
	824.6095271	1																								
	837.2062048	1																								
	780.8359533	2																								
	757.9815917	1																								
	797.7191099	1																								
	795.8536397	2																								
	787.5546775	1																								
	726.4665201	2																								
	759.8326227	1																								
	742.2277919	1																								
	778.5365465	1																								
	683.5880651	2																								
	743.9444692	1																								
	761.745628	1																								
	808.6456051	1																								
	826.4318351	1																								
	742.9585896	1																								
	768.2550351	1																								
	760.8192516	1																								
	711.9536111	1																								
	753.0037951	1																								
	813.6882008	1																								
	808.103247	1																								
	835.5765123	1																								
	766.7473067	1																								
	936.6488089	1																								
2opt																										
	574.5768132	1																								
	584.638996	1																								
	561.0600533	1																								
	549.0371328	1																								
	542.660541	1																								
	532.9515978	1																								
	566.2290188	2																								
	561.3612733	1																								
	548.78121	2																								
	574.4733274	1																								
	533.9788681	1																								
	561.1701863	1																								
	565.4636593	1																								
	567.253633	1																								
	534.677865	1																								
	540.8206386	1																								
	629.8334085	1																								
	608.3721781	2																								
	582.5745068	1																								
	584.4826426	1																								
	530.0331702	1																								
	541.3003789	1																								
	606.9768665	1																								
	564.1857613	1																								
	613.2906967	1																								
	586.8657177	1																								
	606.2178838	1																								
	509.3565566	1																								
	557.025063	2																								
	593.996101	1																								
resources\eil76.tsp.txt																										
jump																										
	1149.49557	3																								
	1223.357575	3																								
	1143.212483	3																								
	1116.202611	3																								
	1175.183666	3																								
	1173.600967	4																								
	1190.570153	3																								
	1026.932191	5																								
	1195.61475	3																								
	1165.716454	2																								
	1206.482032	3																								
	1148.372707	2																								
	1139.570419	3																								
	1139.940625	2																								
	1204.972485	3																								
	1203.452968	3																								
	1213.512067	2																								
	1081.974869	3																								
	1339.465657	2																								
	1170.591482	3																								
	1368.827167	2																								
	1139.478662	3																								
	1105.507328	3																								
	1226.487947	2																								
	1236.446719	3																								
	1100.182308	2																								
	1270.218574	3																								
	1159.765403	2																								
	1159.643255	3																								
	1271.23784	2																								
exchange																										
	1081.850034	2																								
	1069.824561	3																								
	1054.11448	2																								
	1188.336026	3																								
	1094.609916	3																								
	1134.303775	3																								
	992.6624	2																								
	1105.891319	3																								
	1146.148082	2																								
	1131.201646	3																								
	1291.395047	3																								
	1172.75522	3																								
	1151.202296	4																								
	1061.388242	3																								
	1107.551783	2																								
	1056.910502	3																								
	1108.578994	2																								
	1091.496749	3																								
	993.0763982	2																								
	1125.375413	2																								
	1105.830143	3																								
	1117.565292	2																								
	1048.460493	2																								
	1058.506362	3																								
	1009.115921	2																								
	1153.424453	3																								
	1097.064828	2																								
	1127.915775	3																								
	1167.302059	3																								
	1007.148972	2																								
2opt																										
	726.0485859	3																								
	699.7664538	2																								
	707.6596737	2																								
	743.8625501	2																								
	747.9209397	2																								
	771.5136598	3																								
	745.8872008	2																								
	672.6376192	3																								
	710.0935811	3																								
	717.8370761	2																								
	738.9297123	3																								
	686.8834754	3																								
	757.7272766	2																								
	776.6411943	2																								
	743.7299497	2																								
	680.7976723	4																								
	735.6345704	5																								
	703.5903896	4																								
	716.529879	3																								
	713.6851278	2																								
	815.2013886	3																								
	728.5272254	2																								
	722.9481842	3																								
	755.8287004	2																								
	796.6452206	2																								
	691.4445121	2																								
	777.4118413	2																								
	748.1933285	2																								
	747.5726946	3																								
	698.4333262	2																								
resources\kroA100.tsp.txt																										
jump																										
	54508.84509	5																								
	61966.00998	6																								
	71757.29941	4																								
	69138.67338	5																								
	58064.17575	6																								
	64113.2218	5																								
	69427.33282	5																								
	59264.05164	6																								
	62120.51333	5																								
	77575.10221	5																								
	72275.94833	5																								
	64965.91146	5																								
	69003.69305	5																								
	66469.11986	5																								
	67328.14419	5																								
	77671.783	5																								
	65987.76245	5																								
	60747.63401	6																								
	61646.9407	5																								
	68743.54486	5																								
	68093.73937	5																								
	82551.36577	5																								
	58134.50353	6																								
	67507.70293	6																								
	61085.77452	5																								
	71789.8545	5																								
	63029.09635	5																								
	64255.42304	5																								
	78582.6683	5																								
	88007.79322	6																								
exchange																										
	64436.36529	5																								
	65733.82665	5																								
	58593.51869	6																								
	70253.08314	6																								
	61070.33704	5																								
	65518.93301	6																								
	65754.35416	5																								
	72529.33508	5																								
	65223.46401	5																								
	65484.8227	5																								
	68929.16393	5																								
	64362.92658	5																								
	64276.0352	6																								
	69576.73048	5																								
	64305.60387	4																								
	63832.57042	5																								
	60247.14748	4																								
	57668.52409	6																								
	64656.2872	5																								
	66556.34285	6																								
	64569.57487	5																								
	63291.66305	6																								
	54629.04605	6																								
	73456.0416	5																								
	62164.78149	5																								
	61420.27351	5																								
	65803.67623	6																								
	58649.89693	5																								
	62835.21202	6																								
	62416.14631	5																								
2opt																										
	30083.90235	5																								
	32876.75442	5																								
	32884.44961	5																								
	29801.89321	6																								
	34406.03214	5																								
	32659.75686	5																								
	30220.20436	5																								
	32906.07039	5																								
	33327.84381	5																								
	29356.14055	5																								
	30932.67341	5																								
	31906.18425	4																								
	33973.19356	5																								
	32942.62917	5																								
	29013.69688	4																								
	29730.77717	5																								
	32159.29161	5																								
	32221.10031	5																								
	31992.55797	5																								
	30163.7976	5																								
	31602.61366	5																								
	30733.32709	5																								
	34335.70135	5																								
	31670.43879	4																								
	34113.93765	4																								
	33212.17295	5																								
	33853.04766	5																								
	32037.14308	5																								
	34989.73818	6																								
	30339.01831	6																								
resources\kroC100.tsp.txt																										
jump																										
	77577.95208	5																								
	63007.17825	6																								
	70090.60806	5																								
	63602.45826	5																								
	69634.76703	5																								
	68707.30179	5																								
	52250.41295	5																								
	67485.62751	5																								
	71852.95385	5																								
	73866.47846	6																								
	63560.30065	5																								
	73188.0815	5																								
	65499.75238	5																								
	63495.15165	5																								
	72418.83658	5																								
	83612.93129	5																								
	62258.24441	5																								
	76258.73725	6																								
	71555.89324	5																								
	63247.18849	5																								
	56142.8224	5																								
	66941.07998	5																								
	62268.00543	5																								
	65775.88424	6																								
	60023.90406	5																								
	75159.12187	5																								
	70126.25101	5																								
	77958.80098	5																								
	59889.25917	5																								
	68138.47675	4																								
exchange																										
	65585.33071	6																								
	59133.018	6																								
	63171.41282	5																								
	63532.78957	5																								
	67401.20889	6																								
	67654.35881	5																								
	65697.76997	5																								
	63307.72533	5																								
	66985.15983	5																								
	66247.98973	5																								
	62219.4427	5																								
	70574.37061	6																								
	68249.82607	5																								
	64695.02467	5																								
	58719.09679	5																								
	68892.88174	5																								
	64386.32351	5																								
	65292.43917	6																								
	70016.2306	6																								
	62395.12327	5																								
	67245.62357	5																								
	64037.57625	6																								
	62214.1284	5																								
	67130.8157	5																								
	63638.96658	5																								
	69603.5568	5																								
	65025.0952	5																								
	67984.7319	5																								
	65863.93892	5																								
	63653.98378	6																								
2opt																										
	30510.94384	6																								
	29432.9468	4																								
	30450.69146	5																								
	31700.86646	6																								
	32149.73315	5																								
	30443.09781	5																								
	29929.1645	5																								
	26480.80444	5																								
	31621.35127	5																								
	33036.22183	5																								
	32613.97288	6																								
	32594.79416	5																								
	30429.53547	5																								
	32651.71439	5																								
	32262.1104	5																								
	33929.00057	6																								
	31319.35129	5																								
	26915.87266	5																								
	31670.77379	5																								
	33483.85166	6																								
	33072.77951	5																								
	32938.37945	5																								
	33202.93045	5																								
	30820.71973	5																								
	31242.35689	5																								
	28525.32095	5																								
	29174.81227	5																								
	34602.84205	5																								
	33577.64319	6																								
	32139.85046	5																								
resources\kroD100.tsp.txt																										
jump																										
	75437.18956	5																								
	59494.44049	4																								
	58134.84892	5																								
	71001.37097	5																								
	73763.46994	5																								
	61071.9372	5																								
	69802.25315	5																								
	70566.70586	6																								
	68070.18808	5																								
	70643.90179	5																								
	63930.43331	5																								
	70507.17511	5																								
	73140.79594	5																								
	70097.57506	5																								
	64525.8658	5																								
	63950.90224	5																								
	67571.13077	5																								
	61836.63364	5																								
	68080.87382	5																								
	63868.83507	5																								
	63144.58983	5																								
	70974.01866	6																								
	65162.80243	4																								
	66383.17129	5																								
	62551.96712	5																								
	69239.60247	5																								
	63846.64411	5																								
	65910.89395	5																								
	70945.79892	5																								
	67215.19114	5																								
exchange																										
	65234.9273	5																								
	64614.14402	5																								
	55502.01834	5																								
	62770.21391	5																								
	64436.48882	5																								
	57083.45263	5																								
	61503.18068	5																								
	61257.43888	5																								
	57348.20065	5																								
	64052.68918	6																								
	64521.753	5																								
	61610.37949	5																								
	68190.59441	5																								
	63711.57119	6																								
	65631.95032	5																								
	55932.29329	5																								
	67808.33818	6																								
	60883.98624	5																								
	56949.79433	6																								
	64257.91649	5																								
	63705.58061	5																								
	59936.64111	5																								
	65896.57053	5																								
	56295.41525	6																								
	59082.24449	5																								
	61250.3927	5																								
	60701.23797	5																								
	61973.81703	5																								
	65485.54501	6																								
	65479.73087	5																								
2opt																										
	30931.23204	5																								
	27585.47641	6																								
	34714.8328	5																								
	31717.77962	5																								
	28778.4804	5																								
	29932.39334	6																								
	32194.6557	5																								
	32158.35087	5																								
	30658.4112	6																								
	30111.75061	5																								
	32518.3759	5																								
	32398.62722	5																								
	33901.80783	5																								
	30885.30304	5																								
	30983.32554	5																								
	31399.70099	5																								
	30056.35092	5																								
	28339.0759	5																								
	33342.92864	5																								
	30515.15936	5																								
	32396.96939	5																								
	32489.1972	5																								
	29447.05496	5																								
	31503.4479	6																								
	31795.96073	5																								
	30522.37678	6																								
	30102.68788	5																								
	32919.05894	5																								
	28848.67264	5																								
	33355.72339	5																								
resources\lin105.tsp.txt																										
jump																										
	41842.85184	6																								
	43336.24726	6																								
	44513.57274	5																								
	48776.21216	6																								
	46476.64785	6																								
	47922.60169	6																								
	47487.60116	6																								
	47665.09304	6																								
	51828.04329	6																								
	46475.30636	6																								
	39869.20726	6																								
	44219.54045	6																								
	54809.15088	6																								
	42167.90166	6																								
	43544.09037	6																								
	52502.09644	6																								
	50356.74546	6																								
	49721.0477	6																								
	48801.09157	6																								
	47851.30552	6																								
	47454.27267	6																								
	48910.91082	6																								
	56759.93433	6																								
	51279.00788	6																								
	45419.73155	6																								
	48916.93085	6																								
	47718.19631	6																								
	49798.62221	6																								
	45183.58579	5																								
	54522.65173	6																								
exchange																										
	42493.18472	6																								
	46389.0764	6																								
	46353.14034	6																								
	46430.46753	6																								
	42253.02098	6																								
	45648.4295	6																								
	46414.2387	6																								
	49437.82819	6																								
	45960.77971	6																								
	49452.16916	6																								
	51368.86185	6																								
	43029.03345	5																								
	39687.56447	5																								
	46405.09298	7																								
	42318.23736	6																								
	43345.82474	6																								
	45021.44279	6																								
	45559.15816	5																								
	48581.77777	6																								
	54497.11361	6																								
	44013.94155	6																								
	42097.22033	6																								
	41941.33021	6																								
	48860.84588	6																								
	45985.5039	6																								
	41118.34333	7																								
	52475.93474	6																								
	40324.1628	5																								
	51674.2784	6																								
	46338.58968	6																								
2opt																										
	22856.67309	6																								
	19767.03501	5																								
	20039.60415	7																								
	20050.90593	5																								
	19346.49983	6																								
	20729.34909	6																								
	21285.48584	6																								
	20997.89143	6																								
	21647.15118	6																								
	20701.50023	7																								
	21347.68373	7																								
	22985.77863	6																								
	19523.00687	6																								
	20174.03157	6																								
	19115.65965	6																								
	22683.20047	7																								
	21447.97193	5																								
	20533.92787	6																								
	20632.52504	5																								
	20207.01158	5																								
	21074.2793	6																								
	21420.72921	6																								
	22898.39067	5																								
	19449.37902	6																								
	19165.07174	6																								
	21923.92285	5																								
	22724.02424	6																								
	20069.42763	6																								
	21520.56617	6																								
	19159.98079	6																								
resources\pcb442.tsp.txt																										
jump																										
	215898.5642	418																								
	207614.1298	419																								
	227957.6369	419																								
	221189.4469	419																								
	219019.0911	421																								
	212035.466	417																								
	209913.8121	427																								
	219604.2236	423																								
	218650.1625	426																								
	222811.1341	424																								
	216744.1807	421																								
	225571.5583	423																								
	225699.9127	424																								
	216545.4728	419																								
	212051.1142	420																								
	217769.3818	429																								
	221833.689	425																								
	232578.6618	422																								
	234546.7775	432																								
	220972.3946	432																								
	222810.4358	429																								
	224008.6338	423																								
	227390.2291	429																								
	215495.4516	431																								
	212512.9608	436																								
	220265.9535	420																								
	227520.5529	424																								
	232185.1026	424																								
	228554.836	419																								
	224101.752	422																								
exchange																										
	227372.5613	428																								
	223618.9998	425																								
	229247.3496	429																								
	231936.2252	451																								
	232195.8604	429																								
	224494.6055	425																								
	218771.7461	430																								
	227278.7127	429																								
	234354.3338	426																								
	233822.3082	428																								
	236920.8739	422																								
	225724.5661	430																								
	238298.4674	427																								
	224098.2924	426																								
	224959.4081	427																								
	231891.6081	427																								
	216532.7974	427																								
	240486.1975	428																								
	232496.6027	427																								
	216970.6374	427																								
	237388.6296	428																								
	224356.2328	427																								
	227759.6056	427																								
	222111.7264	432																								
	221883.8326	427																								
	232319.6014	445																								
	231224.2818	429																								
	230304.8797	431																								
	227095.3479	430																								
	226400.7659	431																								
2opt																										
	89729.97268	452																								
	79308.37156	443																								
	74465.14302	439																								
	80047.2044	449																								
	85025.79341	443																								
	79648.89716	441																								
	80839.37053	443																								
	80278.75685	442																								
	85123.61457	442																								
	82262.79428	447																								
	80871.29058	442																								
	82519.212	443																								
	77249.70792	439																								
	84632.40898	440																								
	84435.4241	444																								
	83648.24294	447																								
	84008.75647	445																								
	81340.1985	445																								
	81248.0267	444																								
	83973.75634	442																								
	84945.46544	444																								
	86255.63464	443																								
	85884.69834	441																								
	80969.62111	446																								
	80211.2078	440																								
	81047.40981	443																								
	86706.49091	445																								
	86544.18555	446																								
	82515.95766	442																								
	77058.17932	451																								
resources\pr2392.tsp.txt																										
jump																										
	2670843.539	143108																								
	2591781.985	143148																								
	2558127.515	145202																								
	2814806.576	148710																								
	2824811.418	155465																								
	2635705.974	155936																								
	2800692.092	127068																								
	2907074.295	130461																								
	2711247.31	133261																								
	2784316.688	135739																								
	2622612.18	140601																								
	2794927.232	141935																								
	2797611.979	128071																								
	2794914.657	130177																								
	2842226.881	133629																								
	2776508.251	136382																								
	2632503.013	139228																								
	2822065.753	140671																								
	2834292.589	126803																								
	2646168.281	129839																								
	2854025.023	133626																								
	2727135.787	133452																								
	2856065.849	137627																								
	2746928.102	138074																								
	2748050.621	124911																								
	2683700.087	126829																								
	2683389.047	125627																								
	2814233.934	124959																								
	3005912.079	118430																								
	2787769.094	117911																								
		134896																								
exchange																										
	3408658.335	138363																								
	3346122.092	142494																								
	3458716.113	142539																								
	3406787.771	143833																								
	3317728.126	145973																								
	3477341.804	149759																								
	3417613.475	136102																								
	3342282.821	139759																								
	3185572.255	140040																								
	3423739.676	141943																								
	3393431.983	142978																								
	3335403.695	147307																								
	3353140.57	137144																								
	3155093.365	141268																								
	3347014.63	142873																								
	3369546.679	142668																								
	3459028.755	142992																								
	3247218.885	147271																								
	3365177.338	136409																								
	3494350.285	139656																								
	3388247.232	141959																								
	3341718.886	142052																								
	3441509.121	143755																								
	3393778.035	147362																								
	3325809.154	135132																								
	3425203.558	136880																								
	3430457.209	136634																								
	3381308.873	136626																								
	3289512.355	135040																								
	3356198.302	130361																								
		140905.7333																								
2opt																										
	701677.3233	120347																								
	681412.6683	122153																								
	684897.8536	122503																								
	701536.1254	123810																								
	703891.5244	131012																								
	676302.4664	131017																								
	688899.3527	119541																								
	699453.5438	122133																								
	686129.3523	122815																								
	688037.3393	123358																								
	707174.3001	130132																								
	680595.1046	131103																								
	692794.4359	119484																								
	703582.1991	121893																								
	679177.511	122850																								
	697953.1617	123445																								
	695646.0956	130622																								
	697743.9838	131797																								
	677654.6956	119736																								
	678715.8765	121091																								
	681281.4347	122368																								
	715890.8049	123646																								
	696313.5861	129344																								
	694986.2851	130754																								
	677688.2103	120180																								
	673345.1489	121078																								
	686571.1139	120729																								
	673549.3679	120066																								
	692792.2108	113884																								
	686750.1043	112901																								
		123526.4																								
resources\st70.tsp.txt																										
jump																										
	1512.579384	2																								
	1898.130719	1																								
	1422.511944	2																								
	1571.558894	1																								
	1684.017284	2																								
	1495.754185	1																								
	1640.866916	1																								
	1806.202698	1																								
	1644.489	2																								
	1488.05553	2																								
	1682.340326	2																								
	1598.577019	2																								
	1313.093925	2																								
	1566.492827	2																								
	1584.935825	1																								
	1670.577216	2																								
	1687.895393	1																								
	1773.919522	1																								
	1822.069102	2																								
	1657.389106	2																								
	1540.219212	2																								
	1733.929149	1																								
	1763.44084	2																								
	1612.925698	1																								
	1827.845141	1																								
	1819.410827	2																								
	1614.900073	2																								
	1434.057508	1																								
	1846.978373	1																								
	1823.382326	1																								
exchange																										
	1569.145007	2																								
	1727.216396	2																								
	1584.903857	2																								
	1689.87967	1																								
	1563.81742	1																								
	1599.087167	2																								
	1471.658315	1																								
	1707.153995	2																								
	1558.6639	1																								
	1555.145268	1																								
	1651.057441	1																								
	1460.999239	1																								
	1659.206149	1																								
	1468.986338	1																								
	1534.000337	2																								
	1358.397066	2																								
	1648.6734	2																								
	1504.065141	3																								
	1539.957857	1																								
	1705.781061	2																								
	1554.503382	1																								
	1745.344426	2																								
	1657.274557	2																								
	1609.991538	2																								
	1554.019517	1																								
	1516.477551	2																								
	1488.587208	2																								
	1480.663197	1																								
	1464.024209	1																								
	1444.107012	2																								
2opt																										
	912.2329348	1																								
	861.0727276	2																								
	949.4711135	3																								
	951.3329103	2																								
	1051.498081	2																								
	1043.074445	3																								
	917.0211753	2																								
	829.5223819	2																								
	1064.133377	2																								
	980.5492592	2																								
	918.8594957	2																								
	1034.890313	2																								
	1016.404795	2																								
	956.752919	3																								
	962.6152407	1																								
	942.3596623	1																								
	934.5481917	2																								
	828.4403155	2																								
	993.0074502	2																								
	879.3850841	2																								
	1047.782335	2																								
	910.1624215	2																								
	1058.155551	2																								
	848.2149166	2																								
	920.309098	2																								
	904.3998311	2																								
	974.9605844	2																								
	970.0000474	2																								
	998.4813249	2																								
	924.1498815	2																								
resources\eil101.tsp.txt																										
jump:Mean	Cost	1469.006207	jump:Mean	Time	6	jump:Min	Cost	1216.850481	exchange:Mean	Cost	1402.138185	exchange:Mean	Time	6	exchange:Min	Cost	1290.307315	2opt:Mean	Cost	863.6492584	2opt:Mean	Time	5	2opt:Min	Cost	802.7521608
resources\eil51.tsp.txt																										
jump:Mean	Cost	850.0748321	jump:Mean	Time	1	jump:Min	Cost	713.6022389	exchange:Mean	Cost	784.9551989	exchange:Mean	Time	1	exchange:Min	Cost	683.5880651	2opt:Mean	Cost	567.1215249	2opt:Mean	Time	1	2opt:Min	Cost	509.3565566
resources\eil76.tsp.txt																										
jump:Mean	Cost	1181.533898	jump:Mean	Time	2	jump:Min	Cost	1026.932191	exchange:Mean	Cost	1101.700239	exchange:Mean	Time	2	exchange:Min	Cost	992.6624	2opt:Mean	Cost	732.652767	2opt:Mean	Time	2	2opt:Min	Cost	672.6376192
resources\kroA100.tsp.txt																										
jump:Mean	Cost	67527.12096	jump:Mean	Time	5	jump:Min	Cost	54508.84509	exchange:Mean	Cost	64274.85613	exchange:Mean	Time	5	exchange:Min	Cost	54629.04605	2opt:Mean	Cost	32014.86961	2opt:Mean	Time	4	2opt:Min	Cost	29013.69688
resources\kroC100.tsp.txt																										
jump:Mean	Cost	67853.14872	jump:Mean	Time	5	jump:Min	Cost	52250.41295	exchange:Mean	Cost	65351.86466	exchange:Mean	Time	5	exchange:Min	Cost	58719.09679	2opt:Mean	Cost	31430.81446	2opt:Mean	Time	5	2opt:Min	Cost	26480.80444
resources\kroD100.tsp.txt																										
jump:Mean	Cost	67029.04022	jump:Mean	Time	5	jump:Min	Cost	58134.84892	exchange:Mean	Cost	62103.6169	exchange:Mean	Time	5	exchange:Min	Cost	55502.01834	2opt:Mean	Cost	31216.83894	2opt:Mean	Time	5	2opt:Min	Cost	27585.47641
resources\lin105.tsp.txt																										
jump:Mean	Cost	47871.00663	jump:Mean	Time	5	jump:Min	Cost	39869.20726	exchange:Mean	Cost	45849.21977	exchange:Mean	Time	5	exchange:Min	Cost	39687.56447	2opt:Mean	Cost	20849.28882	2opt:Mean	Time	5	2opt:Min	Cost	19115.65965
resources\pcb442.tsp.txt																										
jump:Mean	Cost	221128.424	jump:Mean	Time	423	jump:Min	Cost	207614.1298	exchange:Mean	Cost	228410.5686	exchange:Mean	Time	429	exchange:Min	Cost	216532.7974	2opt:Mean	Cost	82426.52645	2opt:Mean	Time	443	2opt:Min	Cost	74465.14302
resources\pr2392.tsp.txt																										
jump:Mean	Cost	2759014.928	jump:Min	Cost	2558127.515	exchange:Mean	Cost	6128271.974																		
exchange:Min	Cost	2558127.515	2opt:Mean	Cost	6818353.413	2opt:Min	Cost	673345.1489																		
resources\st70.tsp.txt																										
jump:Mean	Cost	1651.284865	jump:Mean	Time	1	jump:Min	Cost	1313.093925	exchange:Mean	Cost	1569.092921	exchange:Mean	Time	1	exchange:Min	Cost	1358.397066	2opt:Mean	Cost	952.7929288	2opt:Mean	Time	2	2opt:Min	Cost	828.4403155

-------------------InverOver Algorithm:---------------
EIL51 - 428
EIL76 - 578
EIL101 - 642
ST70 - 691
