1 4 21
2 49 4
3 18 46
4 10 27
5 35 8
6 30 45
7 46 41
8 44 4
9 43 38
10 48 35
11 30 2
12 25 0
13 40 17
14 3 17
15 23 38
16 15 37
17 34 31
18 24 11
19 25 45
20 25 42
21 17 42
22 7 38
23 10 37
24 47 34
25 46 47
26 35 19
27 8 19
28 26 40
29 15 10
30 32 25
31 9 28
32 38 6
33 12 16
34 24 25
35 14 1
36 10 34
37 4 49
38 48 24
39 8 14
40 14 19
41 34 0
42 2 27
43 28 20
44 45 38
45 5 39
46 38 39
47 17 17
48 45 16
49 41 47
50 34 13
51 5 41
52 2 18
53 39 34
54 21 32
55 41 48
56 15 27
57 25 44
58 14 11
59 37 42
60 29 37
61 5 38
62 3 30
63 37 48
64 9 38
65 36 23
66 38 10
67 21 14
68 20 5
69 44 7
70 20 14
71 6 4
72 18 37
73 0 10
74 25 17
75 20 4
76 44 34
77 29 48
78 45 0
79 28 21
80 0 33
81 3 33
82 29 31
83 32 24
84 15 18
85 31 45
86 6 14
87 22 28
88 14 0
89 42 24
90 48 9
91 47 6
92 27 2
93 27 37
94 8 7
95 2 39
96 13 29
97 41 25
98 31 48
99 15 27
100 26 25
