1 45 22
2 29 48
3 47 8
4 1 22
5 10 0
6 33 32
7 3 9
8 14 36
9 23 46
10 37 23
11 31 43
12 7 35
13 18 21
14 20 10
15 16 32
16 44 35
17 27 17
18 44 34
19 1 20
20 2 46
21 41 47
22 16 22
23 6 9
24 10 20
25 31 23
26 0 7
27 17 44
28 8 37
29 7 35
30 4 42
31 32 20
32 42 36
33 19 45
34 43 27
35 24 10
36 27 24
37 31 49
38 34 15
39 21 31
40 16 41
41 24 45
42 49 7
43 39 1
44 21 32
45 19 46
46 5 38
47 43 35
48 22 42
49 5 14
50 3 5
51 4 18
52 19 48
53 38 41
54 45 37
55 47 16
56 33 22
57 16 6
58 41 41
59 26 44
60 3 22
61 32 24
62 7 29
63 8 24
64 49 19
65 22 38
66 16 35
67 24 33
68 24 36
69 48 46
70 15 27
71 36 35
72 46 39
73 48 28
74 22 22
75 14 41
76 29 21
77 16 10
78 31 40
79 40 7
80 47 40
81 36 40
82 4 44
83 9 27
84 42 0
85 36 37
86 9 4
87 18 29
88 49 35
89 25 26
90 29 29
91 48 44
92 42 23
93 9 31
94 32 16
95 37 21
96 25 15
97 44 22
98 34 38
99 40 4
100 40 26
101 42 16
102 35 48
103 43 10
104 31 4
105 26 37
106 32 46
107 47 35
108 23 40
109 38 30
110 3 8
111 23 27
112 31 22
113 33 1
114 7 48
115 23 7
116 23 15
117 8 41
118 12 41
119 28 18
120 34 36
121 10 5
122 13 1
123 39 48
124 21 49
125 21 9
126 43 19
127 10 27
128 2 14
129 44 49
130 4 29
131 25 39
132 20 34
133 26 31
134 41 23
135 22 0
136 11 23
137 0 33
138 27 27
139 44 40
140 46 1
141 15 30
142 41 19
143 17 49
144 40 27
145 14 5
146 43 24
147 24 48
148 33 36
149 0 22
150 46 12
151 30 47
152 7 27
153 19 0
154 13 36
155 35 37
156 21 43
157 39 34
158 18 15
159 47 32
160 41 7
161 18 42
162 6 42
163 17 25
164 48 33
165 21 43
166 22 29
167 5 40
168 46 13
169 46 32
170 26 45
171 2 33
172 0 4
173 2 22
174 33 43
175 38 42
176 45 49
177 28 0
178 17 49
179 42 11
180 8 45
181 2 1
182 47 46
183 46 17
184 32 45
185 26 45
186 24 30
187 29 8
188 0 41
189 48 42
190 3 10
191 17 32
192 38 48
193 34 33
194 43 18
195 16 17
196 2 46
197 31 26
198 9 37
199 13 46
200 14 37
201 3 43
202 24 26
203 38 4
204 42 1
205 9 0
206 34 13
207 18 29
208 27 8
209 28 14
210 6 41
211 30 13
212 7 32
213 27 38
214 43 47
215 49 8
216 15 29
217 5 36
218 16 5
219 42 14
220 3 39
221 25 20
222 13 5
223 19 23
224 20 22
225 1 5
226 46 14
227 10 20
228 7 5
229 20 14
230 29 24
231 24 5
232 16 14
233 49 10
234 41 6
235 13 41
236 38 9
237 24 28
238 17 36
239 30 25
240 23 8
241 1 41
242 15 18
243 42 20
244 10 5
245 35 25
246 8 10
247 32 13
248 13 34
249 6 23
250 34 29
251 7 4
252 7 4
253 15 43
254 32 4
255 8 36
256 48 9
257 2 26
258 19 24
259 3 31
260 37 22
261 41 38
262 5 44
263 5 13
264 25 35
265 27 0
266 24 46
267 10 23
268 16 25
269 43 30
270 31 9
271 17 27
272 33 5
273 42 36
274 28 11
275 11 36
276 20 5
277 13 21
278 14 35
279 40 27
280 27 41
281 33 1
282 3 22
283 39 8
284 25 43
285 7 17
286 20 34
287 20 31
288 22 43
289 16 44
290 48 38
291 38 31
292 13 47
293 8 21
294 4 35
295 35 15
296 36 28
297 20 42
298 0 45
299 10 8
300 13 41
301 41 27
302 44 29
303 16 2
304 17 19
305 34 49
306 7 35
307 26 37
308 15 21
309 49 44
310 28 40
311 44 41
312 13 26
313 21 41
314 27 26
315 16 32
316 9 11
317 10 14
318 7 7
319 1 31
320 28 33
321 46 22
322 48 6
323 29 18
324 6 37
325 26 9
326 47 36
327 35 43
328 24 20
329 33 14
330 26 5
331 19 20
332 32 8
333 7 26
334 1 11
335 36 29
336 49 49
337 22 15
338 44 44
339 5 17
340 48 5
341 9 7
342 21 26
343 20 26
344 23 23
345 10 40
346 41 20
347 4 41
348 49 29
349 31 13
350 0 32
351 30 16
352 41 21
353 48 29
354 15 6
355 32 1
356 41 16
357 18 19
358 3 2
359 42 6
360 37 4
361 13 37
362 41 44
363 44 40
364 40 46
365 11 12
366 20 1
367 34 32
368 21 34
369 39 46
370 16 4
371 26 22
372 2 32
373 14 10
374 11 42
375 23 26
376 17 35
377 25 2
378 14 29
379 32 5
380 28 0
381 2 37
382 32 33
383 49 5
384 28 1
385 4 26
386 29 5
387 28 37
388 46 41
389 48 20
390 44 15
391 34 29
392 4 48
393 30 9
394 18 12
395 20 44
396 21 14
397 39 34
398 49 42
399 44 27
400 37 25
401 34 15
402 31 49
403 1 41
404 38 19
405 18 29
406 23 47
407 15 45
408 6 2
409 0 28
410 49 41
411 23 29
412 18 16
413 6 47
414 16 10
415 38 4
416 48 28
417 48 10
418 5 22
419 42 19
420 4 15
421 0 27
422 44 2
423 13 41
424 35 16
425 1 46
426 15 2
427 37 44
428 26 20
429 14 47
430 16 31
431 49 5
432 24 38
433 49 49
434 35 0
435 2 47
436 49 36
437 30 2
438 35 25
439 39 34
440 10 12
441 4 9
442 33 21
443 16 2
444 38 28
445 0 25
446 42 4
447 43 38
448 5 38
449 48 0
450 44 47
451 25 19
452 4 4
453 6 37
454 36 46
455 25 15
456 21 25
457 18 23
458 27 17
459 14 24
460 27 37
461 25 46
462 27 44
463 11 23
464 26 29
465 45 19
466 11 29
467 40 30
468 11 21
469 47 21
470 31 48
471 2 35
472 5 18
473 22 13
474 45 26
475 43 28
476 0 11
477 48 17
478 35 10
479 48 43
480 48 7
481 27 24
482 36 48
483 28 22
484 44 47
485 20 22
486 5 0
487 39 7
488 37 16
489 25 8
490 37 32
491 31 33
492 17 16
493 3 12
494 22 39
495 47 44
496 9 49
497 26 24
498 29 21
499 39 43
500 31 43
501 25 22
502 2 44
503 43 15
504 27 49
505 26 22
506 48 16
507 9 20
508 16 21
509 43 20
510 0 44
511 8 6
512 24 17
513 42 14
514 8 42
515 31 19
516 34 22
517 45 14
518 0 5
519 23 44
520 42 11
521 43 9
522 19 10
523 48 18
524 11 1
525 47 45
526 24 28
527 5 24
528 12 15
529 21 34
530 2 38
531 15 37
532 6 18
533 8 18
534 0 6
535 16 11
536 24 26
537 4 24
538 0 21
539 15 36
540 44 16
541 36 24
542 30 4
543 21 1
544 27 20
545 10 38
546 30 4
547 18 44
548 43 12
549 10 46
550 25 0
551 23 17
552 34 33
553 47 4
554 36 13
555 38 21
556 0 42
557 3 7
558 44 37
559 41 3
560 0 18
561 6 29
562 32 36
563 1 2
564 17 23
565 5 45
566 35 9
567 14 11
568 3 26
569 38 1
570 49 4
571 37 21
572 42 18
573 9 47
574 1 37
575 7 30
576 2 3
577 35 47
578 15 35
579 1 14
580 3 15
581 48 41
582 49 35
583 37 13
584 47 16
585 44 36
586 47 21
587 13 12
588 49 9
589 36 7
590 26 23
591 44 44
592 12 42
593 31 36
594 16 25
595 22 4
596 36 8
597 15 0
598 34 22
599 46 0
600 39 45
601 28 16
602 36 25
603 2 42
604 23 26
605 6 26
606 28 49
607 33 13
608 48 0
609 34 7
610 20 23
611 1 18
612 13 10
613 19 1
614 3 40
615 40 10
616 5 21
617 47 2
618 3 41
619 44 30
620 3 9
621 11 47
622 5 35
623 15 19
624 16 27
625 49 21
626 47 35
627 27 27
628 24 10
629 4 24
630 32 26
631 13 48
632 21 12
633 21 7
634 1 5
635 11 33
636 49 29
637 7 9
638 15 22
639 40 25
640 16 9
641 15 39
642 47 7
643 25 4
644 35 24
645 40 46
646 32 37
647 16 16
648 27 1
649 5 39
650 4 23
651 47 22
652 32 45
653 17 3
654 6 29
655 42 4
656 10 31
657 41 25
658 12 34
659 8 7
660 35 20
661 35 0
662 36 22
663 36 46
664 5 5
665 35 21
666 26 40
667 22 27
668 40 25
669 5 37
670 8 28
671 19 36
672 10 2
673 1 15
674 45 43
675 35 23
676 1 40
677 10 1
678 49 0
679 30 3
680 19 12
681 26 13
682 45 25
683 2 33
684 42 35
685 47 18
686 45 33
687 28 11
688 21 44
689 43 3
690 48 33
691 34 29
692 16 44
693 37 33
694 14 2
695 31 46
696 15 15
697 38 5
698 46 16
699 23 1
700 21 30
701 33 41
702 45 44
703 41 0
704 45 42
705 9 36
706 14 20
707 35 13
708 11 15
709 37 41
710 33 26
711 5 1
712 36 30
713 5 14
714 22 27
715 34 43
716 17 21
717 18 43
718 31 11
719 16 34
720 9 7
721 21 18
722 41 8
723 21 8
724 9 21
725 40 48
726 7 7
727 35 2
728 47 6
729 22 48
730 44 21
731 5 13
732 26 43
733 40 25
734 8 11
735 28 45
736 40 48
737 25 32
738 2 16
739 39 39
740 38 46
741 14 23
742 34 44
743 2 36
744 27 13
745 1 36
746 32 42
747 38 9
748 26 40
749 3 23
750 20 27
751 14 30
752 18 18
753 0 24
754 29 13
755 16 32
756 3 31
757 46 21
758 23 45
759 38 8
760 18 33
761 33 14
762 4 12
763 48 39
764 48 13
765 18 8
766 23 4
767 32 11
768 27 6
769 30 44
770 10 22
771 2 35
772 25 28
773 46 28
774 21 30
775 41 16
776 40 18
777 15 25
778 22 36
779 4 49
780 24 31
781 8 35
782 12 7
783 28 18
784 29 5
785 38 7
786 1 38
787 14 1
788 35 15
789 6 24
790 45 3
791 49 37
792 18 7
793 43 35
794 14 27
795 37 14
796 39 0
797 28 13
798 15 45
799 16 36
800 47 34
801 31 13
802 44 0
803 46 39
804 39 25
805 26 3
806 38 24
807 32 25
808 22 10
809 12 10
810 47 35
811 48 38
812 2 2
813 44 32
814 5 6
815 30 9
816 8 31
817 7 27
818 3 32
819 44 17
820 41 35
821 0 11
822 27 12
823 35 28
824 14 4
825 31 2
826 18 48
827 45 22
828 18 39
829 27 6
830 8 12
831 22 4
832 4 48
833 31 26
834 12 47
835 37 38
836 26 26
837 15 44
838 2 40
839 0 9
840 18 32
841 2 0
842 13 45
843 32 41
844 40 45
845 8 27
846 47 21
847 41 0
848 10 17
849 13 3
850 34 10
851 39 20
852 11 41
853 11 8
854 49 11
855 37 31
856 45 33
857 7 47
858 15 19
859 10 34
860 16 7
861 45 32
862 25 9
863 5 24
864 19 24
865 10 45
866 32 13
867 8 48
868 5 18
869 11 41
870 4 33
871 13 14
872 30 14
873 15 15
874 36 11
875 48 7
876 9 1
877 6 34
878 38 4
879 5 12
880 32 48
881 28 5
882 4 20
883 16 29
884 34 32
885 0 2
886 15 12
887 4 39
888 34 1
889 40 41
890 11 5
891 8 47
892 28 35
893 10 11
894 41 30
895 5 25
896 25 12
897 0 5
898 29 12
899 39 13
900 25 45
901 33 14
902 15 9
903 6 29
904 10 41
905 26 32
906 42 36
907 39 2
908 18 18
909 33 10
910 30 26
911 17 29
912 11 43
913 15 39
914 29 7
915 1 31
916 7 23
917 37 29
918 11 9
919 14 31
920 29 24
921 32 26
922 22 11
923 30 21
924 19 21
925 27 18
926 35 17
927 27 42
928 27 2
929 14 47
930 37 35
931 36 37
932 17 19
933 45 0
934 34 46
935 8 21
936 18 13
937 36 20
938 12 43
939 27 5
940 25 23
941 48 37
942 28 46
943 45 37
944 28 17
945 2 43
946 36 27
947 7 20
948 31 8
949 24 15
950 0 1
951 4 11
952 12 41
953 49 7
954 28 43
955 11 24
956 22 47
957 2 29
958 41 29
959 12 10
960 45 36
961 17 12
962 3 17
963 49 24
964 42 44
965 31 47
966 39 2
967 21 27
968 18 14
969 43 29
970 45 36
971 41 42
972 26 30
973 48 19
974 45 16
975 15 13
976 7 42
977 13 19
978 16 9
979 9 35
980 15 23
981 21 14
982 27 47
983 48 45
984 45 32
985 42 41
986 17 23
987 6 13
988 40 39
989 20 9
990 48 8
991 23 46
992 22 24
993 8 25
994 34 1
995 9 23
996 44 18
997 23 1
998 41 31
999 44 40
1000 37 21
1001 22 33
1002 49 20
1003 42 27
1004 19 8
1005 1 15
1006 49 3
1007 29 13
1008 23 18
1009 42 25
1010 23 25
1011 19 2
1012 28 12
1013 26 47
1014 18 37
1015 29 2
1016 28 27
1017 28 25
1018 44 1
1019 14 30
1020 49 35
1021 22 49
1022 6 37
1023 10 43
1024 24 6
1025 46 38
1026 6 49
1027 45 7
1028 4 7
1029 29 42
1030 34 47
1031 2 3
1032 8 22
1033 0 14
1034 49 9
1035 1 1
1036 46 43
1037 15 31
1038 18 0
1039 46 15
1040 44 30
1041 28 17
1042 25 45
1043 20 21
1044 48 38
1045 1 41
1046 36 2
1047 17 43
1048 45 25
1049 15 38
1050 28 24
1051 7 38
1052 49 49
1053 30 4
1054 21 8
1055 48 8
1056 37 16
1057 22 17
1058 8 10
1059 19 23
1060 37 3
1061 6 29
1062 48 39
1063 20 42
1064 27 29
1065 36 4
1066 35 46
1067 23 20
1068 0 2
1069 19 10
1070 41 40
1071 8 2
1072 40 16
1073 37 31
1074 7 9
1075 32 1
1076 18 1
1077 43 18
1078 28 29
1079 48 9
1080 16 3
1081 30 25
1082 7 45
1083 8 10
1084 13 30
1085 25 37
1086 14 36
1087 3 0
1088 27 0
1089 41 31
1090 46 29
1091 46 21
1092 48 40
1093 41 34
1094 48 34
1095 49 10
1096 5 40
1097 42 24
1098 17 13
1099 28 46
1100 25 49
1101 41 18
1102 17 10
1103 16 6
1104 33 30
1105 32 29
1106 26 38
1107 46 9
1108 41 0
1109 20 35
1110 28 25
1111 0 10
1112 2 34
1113 41 42
1114 37 39
1115 12 19
1116 43 33
1117 23 3
1118 15 22
1119 18 21
1120 35 25
1121 45 44
1122 48 17
1123 24 1
1124 30 11
1125 21 32
1126 39 12
1127 48 22
1128 15 6
1129 14 21
1130 22 44
1131 20 35
1132 17 5
1133 28 35
1134 12 15
1135 9 46
1136 46 6
1137 4 35
1138 3 46
1139 49 0
1140 39 46
1141 38 23
1142 12 33
1143 14 17
1144 5 0
1145 39 39
1146 44 19
1147 19 25
1148 18 28
1149 1 42
1150 22 16
1151 31 3
1152 29 44
1153 43 49
1154 12 10
1155 9 47
1156 20 25
1157 19 43
1158 15 17
1159 4 49
1160 49 42
1161 6 11
1162 1 43
1163 24 25
1164 28 18
1165 32 43
1166 3 44
1167 34 15
1168 8 23
1169 46 24
1170 37 9
1171 1 9
1172 0 29
1173 25 24
1174 41 43
1175 31 46
1176 18 5
1177 11 4
1178 27 46
1179 6 16
1180 47 15
1181 24 15
1182 46 35
1183 9 49
1184 9 15
1185 34 12
1186 6 37
1187 44 19
1188 44 29
1189 11 17
1190 10 27
1191 11 3
1192 15 45
1193 8 14
1194 26 47
1195 3 28
1196 12 21
1197 27 18
1198 36 30
1199 32 22
1200 1 18
1201 31 10
1202 44 24
1203 6 42
1204 29 28
1205 3 31
1206 24 8
1207 8 0
1208 28 40
1209 20 0
1210 8 47
1211 5 0
1212 21 42
1213 23 43
1214 18 23
1215 20 19
1216 5 8
1217 34 7
1218 24 32
1219 33 40
1220 26 15
1221 8 27
1222 2 11
1223 0 26
1224 41 4
1225 23 44
1226 44 38
1227 41 15
1228 32 1
1229 42 13
1230 26 19
1231 5 27
1232 17 0
1233 41 39
1234 20 26
1235 49 12
1236 3 29
1237 17 31
1238 10 8
1239 2 11
1240 16 48
1241 28 4
1242 32 25
1243 32 35
1244 13 12
1245 19 1
1246 34 16
1247 11 23
1248 34 24
1249 4 10
1250 36 47
1251 17 37
1252 33 40
1253 33 5
1254 15 0
1255 9 31
1256 27 17
1257 41 0
1258 26 8
1259 14 8
1260 12 10
1261 35 5
1262 6 31
1263 0 36
1264 6 14
1265 36 23
1266 34 3
1267 12 32
1268 19 37
1269 9 36
1270 45 12
1271 42 21
1272 14 34
1273 22 46
1274 25 28
1275 9 29
1276 33 4
1277 1 49
1278 16 7
1279 33 8
1280 42 8
1281 28 31
1282 37 19
1283 4 27
1284 30 36
1285 44 32
1286 16 45
1287 15 43
1288 45 4
1289 18 4
1290 24 26
1291 22 20
1292 32 30
1293 20 28
1294 31 23
1295 33 34
1296 29 8
1297 39 34
1298 34 6
1299 8 48
1300 48 41
1301 48 31
1302 19 45
1303 9 30
1304 47 35
1305 47 48
1306 37 10
1307 44 21
1308 23 31
1309 2 29
1310 4 12
1311 22 46
1312 16 10
1313 36 10
1314 2 31
1315 42 11
1316 32 27
1317 13 27
1318 20 35
1319 9 31
1320 40 20
1321 3 39
1322 17 45
1323 14 40
1324 38 36
1325 45 13
1326 29 6
1327 13 28
1328 9 40
1329 8 38
1330 46 16
1331 3 34
1332 37 28
1333 4 5
1334 24 2
1335 8 28
1336 43 31
1337 24 14
1338 0 44
1339 5 22
1340 16 11
1341 28 0
1342 13 29
1343 19 26
1344 28 4
1345 33 2
1346 37 29
1347 49 7
1348 5 40
1349 3 38
1350 44 9
1351 19 6
1352 35 22
1353 12 39
1354 12 25
1355 11 25
1356 37 14
1357 15 29
1358 3 9
1359 22 35
1360 31 1
1361 14 40
1362 29 8
1363 47 28
1364 8 43
1365 25 47
1366 49 8
1367 1 41
1368 33 6
1369 32 19
1370 28 38
1371 1 9
1372 34 23
1373 29 25
1374 33 5
1375 4 40
1376 42 49
1377 24 18
1378 27 33
1379 35 46
1380 14 22
1381 42 27
1382 3 22
1383 44 2
1384 29 29
1385 7 28
1386 3 40
1387 37 40
1388 2 19
1389 23 23
1390 30 40
1391 41 21
1392 48 23
1393 16 16
1394 23 16
1395 44 23
1396 10 12
1397 16 30
1398 36 36
1399 27 12
1400 47 19
1401 35 46
1402 15 49
1403 2 6
1404 37 29
1405 32 16
1406 32 2
1407 14 23
1408 10 4
1409 42 14
1410 42 4
1411 33 4
1412 33 1
1413 3 14
1414 14 6
1415 24 21
1416 0 39
1417 20 10
1418 15 46
1419 43 44
1420 22 43
1421 22 4
1422 18 3
1423 25 38
1424 28 44
1425 38 8
1426 3 43
1427 37 2
1428 23 47
1429 11 3
1430 29 22
1431 34 46
1432 23 11
1433 5 28
1434 43 48
1435 22 29
1436 32 31
1437 14 17
1438 5 6
1439 29 44
1440 29 40
1441 23 26
1442 38 6
1443 25 45
1444 35 4
1445 27 11
1446 49 39
1447 19 19
1448 7 44
1449 31 6
1450 8 43
1451 36 30
1452 4 30
1453 6 37
1454 2 10
1455 30 17
1456 8 23
1457 0 11
1458 29 30
1459 26 33
1460 9 16
1461 2 28
1462 29 23
1463 2 48
1464 4 26
1465 0 36
1466 26 31
1467 42 22
1468 15 41
1469 27 47
1470 28 47
1471 40 43
1472 39 8
1473 35 16
1474 4 20
1475 13 11
1476 5 17
1477 2 15
1478 36 3
1479 35 45
1480 39 39
1481 48 45
1482 28 39
1483 2 17
1484 25 37
1485 34 31
1486 47 47
1487 42 4
1488 44 6
1489 36 11
1490 48 16
1491 1 3
1492 9 2
1493 18 20
1494 39 39
1495 21 10
1496 40 18
1497 42 15
1498 20 35
1499 35 0
1500 31 40
1501 31 39
1502 8 8
1503 31 20
1504 26 1
1505 2 6
1506 21 12
1507 5 8
1508 34 2
1509 40 46
1510 7 3
1511 3 32
1512 22 42
1513 26 2
1514 13 16
1515 35 35
1516 34 0
1517 5 24
1518 3 36
1519 0 2
1520 14 36
1521 28 27
1522 47 5
1523 16 9
1524 2 24
1525 47 38
1526 23 20
1527 16 2
1528 43 20
1529 41 29
1530 17 2
1531 48 31
1532 20 46
1533 12 27
1534 35 42
1535 4 26
1536 23 15
1537 32 18
1538 7 41
1539 34 47
1540 23 8
1541 1 33
1542 7 27
1543 0 35
1544 15 4
1545 0 36
1546 38 44
1547 15 17
1548 2 46
1549 39 31
1550 0 2
1551 25 7
1552 20 18
1553 31 44
1554 2 29
1555 16 49
1556 0 43
1557 15 20
1558 3 36
1559 26 10
1560 32 6
1561 26 45
1562 0 45
1563 24 33
1564 23 27
1565 16 34
1566 33 35
1567 6 48
1568 12 20
1569 43 15
1570 21 25
1571 36 33
1572 35 41
1573 22 10
1574 36 16
1575 33 19
1576 12 27
1577 9 32
1578 19 42
1579 30 35
1580 25 11
1581 0 22
1582 8 34
1583 45 46
1584 37 36
1585 44 11
1586 30 12
1587 10 8
1588 4 33
1589 13 26
1590 13 36
1591 29 27
1592 43 6
1593 16 24
1594 46 5
1595 30 7
1596 28 13
1597 19 15
1598 14 20
1599 2 5
1600 25 17
1601 40 37
1602 16 10
1603 29 2
1604 45 20
1605 40 47
1606 9 20
1607 8 0
1608 0 23
1609 22 39
1610 17 44
1611 7 43
1612 23 49
1613 25 19
1614 31 0
1615 22 21
1616 17 14
1617 47 22
1618 45 34
1619 7 46
1620 4 41
1621 23 23
1622 47 15
1623 21 39
1624 22 19
1625 49 10
1626 24 26
1627 34 31
1628 27 12
1629 11 45
1630 26 42
1631 9 28
1632 47 6
1633 41 44
1634 39 26
1635 39 15
1636 45 48
1637 26 45
1638 3 20
1639 14 33
1640 2 30
1641 17 6
1642 37 15
1643 37 12
1644 47 1
1645 47 34
1646 11 11
1647 30 47
1648 40 33
1649 16 10
1650 3 43
1651 30 43
1652 28 1
1653 44 30
1654 15 29
1655 36 17
1656 34 29
1657 11 21
1658 49 10
1659 29 43
1660 15 24
1661 16 5
1662 8 21
1663 15 8
1664 16 1
1665 4 1
1666 31 8
1667 24 41
1668 40 21
1669 2 21
1670 10 36
1671 44 0
1672 32 31
1673 5 26
1674 28 11
1675 49 24
1676 24 5
1677 26 4
1678 32 38
1679 31 34
1680 14 41
1681 9 31
1682 7 25
1683 4 32
1684 48 2
1685 18 49
1686 41 4
1687 32 2
1688 7 16
1689 8 33
1690 34 33
1691 15 38
1692 41 5
1693 22 25
1694 38 16
1695 10 29
1696 24 39
1697 4 18
1698 32 6
1699 3 49
1700 6 45
1701 25 2
1702 38 43
1703 21 1
1704 1 9
1705 8 21
1706 41 46
1707 41 5
1708 14 12
1709 22 35
1710 20 21
1711 48 37
1712 30 20
1713 38 12
1714 8 11
1715 24 41
1716 30 47
1717 9 13
1718 18 6
1719 8 49
1720 42 24
1721 46 24
1722 38 14
1723 19 48
1724 11 32
1725 6 20
1726 38 40
1727 10 9
1728 20 1
1729 8 43
1730 32 0
1731 31 48
1732 35 2
1733 9 8
1734 14 39
1735 31 43
1736 9 19
1737 35 34
1738 23 7
1739 5 18
1740 6 2
1741 24 36
1742 42 36
1743 48 36
1744 8 0
1745 44 29
1746 7 46
1747 38 31
1748 34 20
1749 27 18
1750 7 3
1751 40 15
1752 8 20
1753 6 11
1754 23 22
1755 27 39
1756 39 13
1757 12 30
1758 23 24
1759 37 40
1760 13 19
1761 3 45
1762 18 15
1763 28 24
1764 44 6
1765 5 47
1766 32 2
1767 43 29
1768 8 47
1769 8 15
1770 22 14
1771 1 3
1772 27 43
1773 24 15
1774 12 9
1775 14 31
1776 6 22
1777 28 6
1778 8 2
1779 19 37
1780 16 49
1781 7 14
1782 37 27
1783 49 44
1784 46 13
1785 22 39
1786 1 44
1787 8 45
1788 48 5
1789 26 12
1790 5 31
1791 41 26
1792 19 45
1793 22 8
1794 32 35
1795 4 32
1796 17 28
1797 25 47
1798 9 9
1799 38 43
1800 42 28
1801 40 13
1802 41 37
1803 38 13
1804 35 9
1805 48 9
1806 39 30
1807 21 27
1808 15 2
1809 26 45
1810 15 39
1811 44 4
1812 31 23
1813 34 47
1814 12 40
1815 33 11
1816 22 17
1817 5 19
1818 38 0
1819 40 11
1820 24 29
1821 4 24
1822 41 18
1823 30 20
1824 18 14
1825 21 17
1826 19 14
1827 33 31
1828 18 0
1829 20 4
1830 35 49
1831 38 45
1832 8 5
1833 11 15
1834 33 10
1835 45 3
1836 28 44
1837 26 33
1838 30 15
1839 16 25
1840 13 46
1841 32 23
1842 37 23
1843 18 28
1844 36 49
1845 17 44
1846 7 49
1847 41 8
1848 24 10
1849 21 22
1850 3 4
1851 38 27
1852 13 30
1853 48 17
1854 38 2
1855 47 19
1856 0 8
1857 5 49
1858 29 45
1859 34 25
1860 31 38
1861 5 14
1862 22 37
1863 27 9
1864 3 49
1865 44 31
1866 10 44
1867 4 23
1868 41 24
1869 24 10
1870 42 25
1871 42 12
1872 18 15
1873 32 28
1874 40 39
1875 4 45
1876 35 26
1877 23 4
1878 23 17
1879 2 35
1880 20 7
1881 21 11
1882 23 31
1883 30 23
1884 27 44
1885 33 23
1886 5 26
1887 43 47
1888 22 17
1889 5 10
1890 18 22
1891 47 4
1892 22 47
1893 39 13
1894 8 27
1895 33 7
1896 25 19
1897 32 39
1898 40 43
1899 21 3
1900 1 23
1901 19 17
1902 33 24
1903 17 48
1904 37 34
1905 21 44
1906 48 5
1907 0 19
1908 38 49
1909 45 38
1910 38 31
1911 48 37
1912 2 16
1913 9 35
1914 33 28
1915 32 2
1916 43 10
1917 30 48
1918 48 18
1919 7 46
1920 6 8
1921 4 25
1922 0 0
1923 5 31
1924 32 44
1925 47 20
1926 11 27
1927 0 4
1928 27 28
1929 14 18
1930 49 15
1931 7 44
1932 23 26
1933 25 19
1934 14 46
1935 6 5
1936 20 14
1937 38 49
1938 41 32
1939 8 34
1940 9 30
1941 34 6
1942 5 12
1943 43 45
1944 47 6
1945 28 16
1946 27 30
1947 30 34
1948 6 37
1949 40 2
1950 32 10
1951 39 18
1952 42 36
1953 14 31
1954 1 17
1955 17 29
1956 35 14
1957 48 22
1958 24 13
1959 20 46
1960 18 4
1961 3 44
1962 24 37
1963 49 7
1964 18 42
1965 21 12
1966 49 11
1967 4 9
1968 9 9
1969 38 44
1970 13 48
1971 22 28
1972 16 9
1973 24 8
1974 11 31
1975 11 13
1976 8 21
1977 30 40
1978 9 26
1979 49 43
1980 29 15
1981 14 0
1982 23 0
1983 31 8
1984 37 11
1985 3 8
1986 7 1
1987 38 26
1988 33 32
1989 36 16
1990 23 44
1991 3 43
1992 12 9
1993 12 21
1994 13 23
1995 45 0
1996 41 21
1997 24 9
1998 8 36
1999 5 26
2000 42 33
