1 10 29
2 16 29
3 38 11
4 48 22
5 2 0
6 24 24
7 41 47
8 48 34
9 48 23
10 14 31
11 31 37
12 21 26
13 14 20
14 10 24
15 14 32
16 42 33
17 12 0
18 17 38
19 4 42
20 2 20
21 32 48
22 4 7
23 6 29
24 26 9
25 20 33
26 29 16
27 8 29
28 49 0
29 39 17
30 9 27
31 6 11
32 31 23
33 46 30
34 12 37
35 14 47
36 27 10
37 1 47
38 2 15
39 25 18
40 10 15
41 20 5
42 34 37
43 44 7
44 48 37
45 15 0
46 7 1
47 33 39
48 6 45
49 47 44
50 14 11
51 23 32
52 34 2
53 13 47
54 34 38
55 44 49
56 8 43
57 35 23
58 15 26
59 8 39
60 6 31
61 23 10
62 11 14
63 30 31
64 46 44
65 11 29
66 30 30
67 40 2
68 3 11
69 30 2
70 45 5
71 34 47
72 18 37
73 25 24
74 7 18
75 17 46
76 23 25
77 2 38
78 19 16
79 47 47
80 24 38
81 3 17
82 40 41
83 47 21
84 47 38
85 6 5
86 16 21
87 46 32
88 16 36
89 36 30
90 24 41
91 14 11
92 34 45
93 43 2
94 36 31
95 47 48
96 11 11
97 17 18
98 39 8
99 30 21
100 45 25
101 28 29
102 32 19
103 12 38
104 19 22
105 19 40
106 3 21
107 49 48
108 45 9
109 32 5
110 47 15
111 23 23
112 37 21
113 8 24
114 39 21
115 16 33
116 30 5
117 21 32
118 13 17
119 16 43
120 4 35
121 14 42
122 21 46
123 28 40
124 33 38
125 13 38
126 5 19
127 23 26
128 21 21
129 26 24
130 34 19
131 30 26
132 0 34
133 20 20
134 8 47
135 28 15
136 39 45
137 48 32
138 10 40
139 24 31
140 6 39
141 16 7
142 33 24
143 37 26
144 6 35
145 25 27
146 29 23
147 11 12
148 29 19
149 45 30
150 2 37
151 47 13
152 32 45
153 40 42
154 46 3
155 48 41
156 24 44
157 40 16
158 32 31
159 47 16
160 14 9
161 23 1
162 31 28
163 39 7
164 49 16
165 47 23
166 34 10
167 7 11
168 34 46
169 28 41
170 42 18
171 37 29
172 41 15
173 3 17
174 12 14
175 46 44
176 9 12
177 31 30
178 2 16
179 31 14
180 45 45
181 16 33
182 30 49
183 48 25
184 17 45
185 44 39
186 12 8
187 48 37
188 46 7
189 5 22
190 25 45
191 5 44
192 24 10
193 43 17
194 24 25
195 39 10
196 4 7
197 42 40
198 43 18
199 49 7
200 46 45
201 18 8
202 39 21
203 22 27
204 32 49
205 0 21
206 16 14
207 19 39
208 49 44
209 39 22
210 26 32
211 21 47
212 39 19
213 3 44
214 13 49
215 20 4
216 36 48
217 34 12
218 10 11
219 5 47
220 12 36
221 36 24
222 36 31
223 5 2
224 32 25
225 48 42
226 29 46
227 19 23
228 12 14
229 4 11
230 35 40
231 11 22
232 0 3
233 0 8
234 16 47
235 30 1
236 9 30
237 2 4
238 19 25
239 13 30
240 48 43
241 28 15
242 45 23
243 48 5
244 32 2
245 33 25
246 39 18
247 31 9
248 26 20
249 33 47
250 8 25
251 21 31
252 6 28
253 39 9
254 16 15
255 6 33
256 17 34
257 4 38
258 45 31
259 4 21
260 6 35
261 28 4
262 35 14
263 31 49
264 7 42
265 3 48
266 19 44
267 0 12
268 1 38
269 16 37
270 46 36
271 47 34
272 3 10
273 21 34
274 35 34
275 27 13
276 8 1
277 11 35
278 19 44
279 47 18
280 36 38
281 45 27
282 1 45
283 7 18
284 38 23
285 17 20
286 11 39
287 46 28
288 7 9
289 7 0
290 48 41
291 31 2
292 7 16
293 28 7
294 41 14
295 7 49
296 16 2
297 29 47
298 22 17
299 41 38
300 36 5
301 40 21
302 18 37
303 31 8
304 38 44
305 6 3
306 48 10
307 46 13
308 12 33
309 6 22
310 37 29
311 3 18
312 29 12
313 40 21
314 20 8
315 2 8
316 43 27
317 7 47
318 19 30
319 15 5
320 34 29
321 9 43
322 45 21
323 23 22
324 25 18
325 18 10
326 25 14
327 22 35
328 18 11
329 31 32
330 32 1
331 7 16
332 45 34
333 39 21
334 10 31
335 41 34
336 4 7
337 17 35
338 23 12
339 47 2
340 7 34
341 19 9
342 5 5
343 36 49
344 33 42
345 26 20
346 24 9
347 5 2
348 37 17
349 46 17
350 41 10
351 31 7
352 30 46
353 47 42
354 29 17
355 19 43
356 11 34
357 34 3
358 37 47
359 18 16
360 41 47
361 42 23
362 39 19
363 22 34
364 13 11
365 21 9
366 46 1
367 47 9
368 29 43
369 12 26
370 29 33
371 47 25
372 20 27
373 16 34
374 12 2
375 4 34
376 42 34
377 25 34
378 7 14
379 48 42
380 13 14
381 6 32
382 27 15
383 21 34
384 33 46
385 15 18
386 23 35
387 49 13
388 8 47
389 13 10
390 5 27
391 29 31
392 8 0
393 45 24
394 17 45
395 8 14
396 31 17
397 13 2
398 6 24
399 40 36
400 25 34
401 45 37
402 22 11
403 20 8
404 48 38
405 0 40
406 26 8
407 20 25
408 21 18
409 4 21
410 1 25
411 26 5
412 44 41
413 15 6
414 35 2
415 46 39
416 40 13
417 46 33
418 40 9
419 11 12
420 3 0
421 20 26
422 38 7
423 2 41
424 36 39
425 7 10
426 29 26
427 14 8
428 44 44
429 40 48
430 24 32
431 4 12
432 32 22
433 43 37
434 45 42
435 20 5
436 7 3
437 42 13
438 44 31
439 21 41
440 1 6
441 46 34
442 22 46
443 19 38
444 38 38
445 37 8
446 28 20
447 23 9
448 0 48
449 34 25
450 28 14
451 46 37
452 29 6
453 24 12
454 25 46
455 24 19
456 37 25
457 49 20
458 23 37
459 35 30
460 8 11
461 48 20
462 43 30
463 49 16
464 27 16
465 38 42
466 28 46
467 7 30
468 34 41
469 1 22
470 49 20
471 3 6
472 37 9
473 33 6
474 28 42
475 23 48
476 36 28
477 45 0
478 25 21
479 10 13
480 27 26
481 14 45
482 26 29
483 18 43
484 16 13
485 22 29
486 39 21
487 2 37
488 20 24
489 29 41
490 38 0
491 48 2
492 39 25
493 33 2
494 11 7
495 34 49
496 19 13
497 37 1
498 43 27
499 29 0
500 39 9
501 9 6
502 5 24
503 40 36
504 6 3
505 14 39
506 14 7
507 25 39
508 16 31
509 3 22
510 8 22
511 23 32
512 43 15
513 36 2
514 11 2
515 35 30
516 42 20
517 21 30
518 37 42
519 37 5
520 45 22
521 11 1
522 3 47
523 31 36
524 12 44
525 17 28
526 40 1
527 42 23
528 7 6
529 1 40
530 0 44
531 40 21
532 6 24
533 39 14
534 13 7
535 14 32
536 12 39
537 42 46
538 19 27
539 28 7
540 41 24
541 36 38
542 16 23
543 21 5
544 33 39
545 44 47
546 6 16
547 33 34
548 35 38
549 8 48
550 13 19
551 0 11
552 19 41
553 1 6
554 41 34
555 45 29
556 18 46
557 25 23
558 0 14
559 13 1
560 26 2
561 25 47
562 6 18
563 34 31
564 46 22
565 40 49
566 9 11
567 45 18
568 31 11
569 39 37
570 25 44
571 30 23
572 14 12
573 12 17
574 3 19
575 27 16
576 46 40
577 48 16
578 24 49
579 45 16
580 26 7
581 33 34
582 48 20
583 10 10
584 3 0
585 13 31
586 20 5
587 6 0
588 11 38
589 12 40
590 27 26
591 11 35
592 1 34
593 8 13
594 10 0
595 19 37
596 48 24
597 5 46
598 19 24
599 8 27
600 20 17
601 35 9
602 8 21
603 48 24
604 30 36
605 15 31
606 35 14
607 7 32
608 46 45
609 8 15
610 27 40
611 34 1
612 49 7
613 32 48
614 14 41
615 11 14
616 11 29
617 4 7
618 0 7
619 15 27
620 12 23
621 36 0
622 20 7
623 10 2
624 49 24
625 35 20
626 8 34
627 41 2
628 26 0
629 5 24
630 10 39
631 21 46
632 15 24
633 32 37
634 43 3
635 48 2
636 23 38
637 25 37
638 45 37
639 47 42
640 16 29
641 3 12
642 21 5
643 14 14
644 41 27
645 2 48
646 20 15
647 48 28
648 14 36
649 47 9
650 42 1
651 33 40
652 8 15
653 40 32
654 44 32
655 15 1
656 30 3
657 1 32
658 45 23
659 17 39
660 31 32
661 11 14
662 40 23
663 11 47
664 30 33
665 42 10
666 0 35
667 19 45
668 22 29
669 39 18
670 33 2
671 28 47
672 5 27
673 12 25
674 12 47
675 32 25
676 47 22
677 32 26
678 22 30
679 41 43
680 35 18
681 7 1
682 5 32
683 7 5
684 8 48
685 24 10
686 35 48
687 38 35
688 48 18
689 38 32
690 12 38
691 3 44
692 41 29
693 23 5
694 8 25
695 0 35
696 15 41
697 5 22
698 1 25
699 48 24
700 2 49
701 6 23
702 17 27
703 2 49
704 36 3
705 40 11
706 6 25
707 38 32
708 21 33
709 26 2
710 18 42
711 15 21
712 10 27
713 20 16
714 48 35
715 49 19
716 40 46
717 25 42
718 43 34
719 29 2
720 4 48
721 42 10
722 5 39
723 28 41
724 19 42
725 43 32
726 11 48
727 24 29
728 2 10
729 19 9
730 18 5
731 1 31
732 33 32
733 43 7
734 34 44
735 22 42
736 0 7
737 44 6
738 10 12
739 20 5
740 24 48
741 31 9
742 1 38
743 27 39
744 31 35
745 17 5
746 32 6
747 10 45
748 4 33
749 40 13
750 44 16
751 49 34
752 45 22
753 49 6
754 18 32
755 16 18
756 16 27
757 7 10
758 40 4
759 14 8
760 9 23
761 17 42
762 27 49
763 47 22
764 34 22
765 23 18
766 46 15
767 14 44
768 13 47
769 7 12
770 35 16
771 22 21
772 30 19
773 15 34
774 12 1
775 40 22
776 5 44
777 3 17
778 22 13
779 8 0
780 26 0
781 5 19
782 35 34
783 48 39
784 19 27
785 12 46
786 4 40
787 15 13
788 17 7
789 7 32
790 37 37
791 22 44
792 41 5
793 45 13
794 7 35
795 35 1
796 25 35
797 41 36
798 36 45
799 7 46
800 18 46
801 21 39
802 46 38
803 25 7
804 25 21
805 39 5
806 41 22
807 48 37
808 49 3
809 29 45
810 37 11
811 3 1
812 6 16
813 23 9
814 35 0
815 40 34
816 23 27
817 27 32
818 16 9
819 23 11
820 45 41
821 21 0
822 39 30
823 44 44
824 41 35
825 33 22
826 44 11
827 18 14
828 24 21
829 48 13
830 12 0
831 10 44
832 31 10
833 6 41
834 15 39
835 26 23
836 10 22
837 38 33
838 27 19
839 8 31
840 45 23
841 27 11
842 5 5
843 26 44
844 22 45
845 37 24
846 42 21
847 33 42
848 8 25
849 11 32
850 19 31
851 14 27
852 16 31
853 34 16
854 38 23
855 3 41
856 44 7
857 28 23
858 31 4
859 36 35
860 6 36
861 24 13
862 8 13
863 33 30
864 48 43
865 44 8
866 22 5
867 9 10
868 1 42
869 48 0
870 12 45
871 14 18
872 41 40
873 26 6
874 10 14
875 4 1
876 30 7
877 7 35
878 28 3
879 1 22
880 28 27
881 27 15
882 34 2
883 14 44
884 35 46
885 23 26
886 26 25
887 19 30
888 25 1
889 15 6
890 20 43
891 34 5
892 47 46
893 6 48
894 38 8
895 23 31
896 44 6
897 48 2
898 5 8
899 23 21
900 30 22
901 26 47
902 41 7
903 21 20
904 4 26
905 38 31
906 47 36
907 35 7
908 17 46
909 40 31
910 46 22
911 15 17
912 43 5
913 9 48
914 43 37
915 30 8
916 2 25
917 25 3
918 2 31
919 40 6
920 3 39
921 48 39
922 24 13
923 46 22
924 32 47
925 14 21
926 44 5
927 29 49
928 27 38
929 44 0
930 14 23
931 13 13
932 2 31
933 35 14
934 14 27
935 25 5
936 19 8
937 28 31
938 22 14
939 20 46
940 1 40
941 14 12
942 30 38
943 14 35
944 18 14
945 44 25
946 39 35
947 24 12
948 10 49
949 20 37
950 18 32
951 17 9
952 42 4
953 25 9
954 17 25
955 19 32
956 0 30
957 26 13
958 49 40
959 40 0
960 35 12
961 48 27
962 13 41
963 41 39
964 38 39
965 16 29
966 38 7
967 38 29
968 41 30
969 45 42
970 5 45
971 31 44
972 33 18
973 4 24
974 42 3
975 39 44
976 30 5
977 44 16
978 30 44
979 39 38
980 49 2
981 5 28
982 34 32
983 30 5
984 3 4
985 13 6
986 40 31
987 37 13
988 3 40
989 9 20
990 9 27
991 4 0
992 43 8
993 37 2
994 27 30
995 16 31
996 34 23
997 14 46
998 26 44
999 16 20
1000 48 16
