1 22 16
2 9 2
3 15 44
4 4 24
5 40 38
6 27 4
7 46 26
8 2 22
9 16 31
10 17 1
11 16 12
12 20 2
13 45 36
14 32 31
15 29 41
16 10 25
17 39 13
18 33 10
19 25 16
20 5 21
21 2 11
22 32 13
23 29 39
24 16 35
25 24 3
26 5 24
27 29 25
28 22 34
29 31 37
30 35 0
31 0 16
32 24 1
33 3 3
34 40 41
35 12 21
36 9 9
37 34 18
38 10 4
39 33 42
40 24 1
41 43 28
42 32 22
43 25 23
44 22 22
45 16 47
46 11 38
47 16 20
48 23 43
49 47 36
50 32 38
51 39 42
52 14 32
53 28 9
54 3 19
55 27 45
56 47 18
57 0 2
58 42 15
59 40 48
60 8 6
61 20 42
62 27 18
63 40 30
64 25 19
65 36 22
66 3 9
67 3 10
68 9 45
69 18 36
70 23 11
71 22 25
72 41 10
73 36 17
74 7 37
75 11 0
76 49 4
77 17 47
78 28 44
79 32 1
80 29 18
81 8 11
82 0 27
83 44 22
84 30 5
85 40 44
86 44 37
87 10 39
88 23 22
89 47 8
90 6 35
91 30 3
92 0 12
93 13 26
94 31 3
95 32 27
96 6 8
97 22 47
98 1 28
99 1 13
100 21 29
101 14 19
102 7 15
103 45 6
104 16 32
105 45 3
106 49 28
107 16 39
108 25 22
109 26 42
110 40 28
111 12 32
112 45 46
113 19 22
114 48 32
115 42 44
116 12 12
117 29 5
118 34 49
119 3 41
120 1 23
121 19 42
122 26 33
123 45 34
124 30 42
125 33 25
126 14 25
127 32 15
128 13 10
129 46 6
130 2 23
131 0 1
132 6 11
133 2 27
134 5 10
135 48 13
136 40 17
137 21 7
138 8 48
139 47 24
140 5 37
141 29 6
142 4 14
143 17 6
144 32 39
145 46 28
146 4 41
147 26 7
148 35 36
149 37 31
150 2 29
151 9 10
152 47 21
153 8 12
154 21 7
155 9 16
156 37 28
157 45 9
158 47 31
159 35 42
160 10 38
161 2 25
162 46 39
163 2 49
164 19 10
165 3 36
166 8 12
167 23 13
168 37 39
169 45 8
170 25 36
171 1 20
172 25 6
173 38 13
174 27 41
175 5 47
176 46 42
177 4 5
178 15 47
179 16 12
180 46 36
181 28 48
182 26 3
183 39 39
184 31 44
185 25 0
186 6 27
187 0 47
188 17 7
189 32 20
190 48 15
191 47 32
192 33 45
193 19 16
194 38 6
195 48 30
196 10 29
197 48 34
198 6 24
199 33 44
200 17 14
201 0 27
202 37 28
203 42 8
204 5 48
205 28 35
206 17 23
207 13 3
208 40 41
209 31 34
210 48 7
211 27 0
212 13 10
213 22 12
214 36 14
215 37 37
216 36 24
217 22 2
218 41 40
219 26 39
220 29 33
221 26 15
222 39 30
223 16 29
224 40 31
225 38 13
226 7 0
227 38 1
228 29 16
229 11 4
230 44 46
231 34 10
232 21 12
233 1 21
234 28 28
235 30 27
236 1 8
237 6 23
238 32 15
239 31 33
240 14 33
241 15 40
242 43 8
243 1 38
244 28 12
245 15 47
246 16 38
247 8 26
248 5 0
249 21 21
250 34 44
251 0 5
252 39 44
253 29 2
254 45 48
255 5 31
256 12 15
257 37 14
258 3 10
259 11 40
260 22 31
261 30 19
262 20 43
263 10 21
264 31 25
265 22 20
266 29 14
267 41 9
268 8 20
269 40 2
270 40 27
271 28 47
272 20 36
273 20 28
274 12 31
275 33 16
276 9 13
277 8 31
278 2 44
279 40 22
280 43 40
281 41 49
282 39 41
283 23 46
284 30 24
285 44 31
286 44 31
287 21 31
288 6 46
289 12 20
290 0 0
291 22 40
292 40 11
293 39 26
294 36 8
295 40 25
296 15 24
297 19 15
298 21 9
299 1 24
300 6 19
301 36 7
302 9 36
303 30 45
304 10 6
305 14 29
306 41 14
307 44 28
308 47 14
309 35 40
310 40 13
311 39 31
312 19 1
313 20 11
314 13 12
315 1 46
316 47 17
317 49 32
318 26 40
319 40 7
320 8 15
321 48 23
322 49 24
323 18 45
324 32 28
325 40 36
326 4 25
327 31 4
328 33 29
329 10 49
330 35 38
331 9 15
332 18 13
333 13 22
334 18 3
335 46 5
336 38 49
337 47 31
338 44 19
339 12 13
340 15 17
341 38 34
342 32 49
343 47 33
344 21 45
345 49 2
346 13 22
347 31 4
348 1 43
349 25 4
350 33 1
351 36 11
352 31 20
353 0 45
354 26 40
355 13 39
356 3 12
357 33 17
358 42 33
359 45 11
360 33 23
361 0 5
362 7 0
363 13 37
364 8 38
365 32 21
366 4 35
367 43 23
368 14 35
369 21 25
370 13 41
371 45 48
372 14 30
373 42 44
374 38 42
375 22 24
376 0 1
377 44 27
378 3 40
379 21 29
380 21 9
381 31 5
382 21 17
383 3 6
384 18 32
385 17 27
386 39 23
387 16 37
388 15 6
389 41 27
390 31 40
391 21 7
392 10 12
393 9 45
394 24 25
395 37 47
396 32 26
397 21 5
398 16 1
399 27 3
400 3 15
401 26 38
402 19 27
403 11 34
404 26 37
405 36 17
406 32 36
407 17 4
408 29 32
409 20 40
410 46 1
411 18 24
412 6 26
413 32 39
414 7 38
415 36 7
416 44 9
417 18 21
418 23 33
419 9 22
420 33 38
421 36 8
422 10 41
423 5 2
424 2 41
425 46 49
426 31 42
427 11 44
428 44 21
429 2 43
430 12 42
431 13 44
432 28 30
433 8 28
434 15 37
435 10 32
436 16 11
437 45 0
438 0 41
439 3 16
440 0 45
441 24 33
442 17 20
443 37 30
444 24 23
445 26 48
446 19 16
447 7 19
448 18 7
449 23 24
450 48 23
451 21 35
452 35 28
453 15 24
454 35 27
455 24 46
456 43 11
457 36 6
458 29 43
459 40 6
460 40 37
461 15 8
462 18 40
463 9 29
464 22 29
465 0 19
466 34 11
467 6 9
468 34 25
469 9 32
470 39 44
471 47 36
472 27 11
473 7 25
474 46 5
475 36 12
476 16 8
477 17 49
478 1 27
479 38 28
480 33 46
481 24 20
482 14 7
483 4 14
484 5 8
485 30 47
486 26 49
487 16 12
488 16 37
489 2 48
490 30 46
491 40 33
492 19 31
493 0 20
494 22 31
495 36 17
496 27 34
497 48 40
498 47 28
499 0 23
500 15 22
