1 20 31
2 45 45
3 46 20
4 27 14
5 23 30
6 1 30
7 17 41
8 39 27
9 13 44
10 26 14
11 2 42
12 47 23
13 42 49
14 9 48
15 2 38
16 26 23
17 0 19
18 0 40
19 43 25
20 6 3
21 30 9
22 31 15
23 35 11
24 47 18
25 2 49
26 19 22
27 36 28
28 23 46
29 15 40
30 14 18
31 35 3
32 34 45
33 24 33
34 35 48
35 18 32
36 43 45
37 24 12
38 13 32
39 10 32
40 11 32
41 31 18
42 21 34
43 16 14
44 28 38
45 11 17
46 37 21
47 0 40
48 23 47
49 11 36
50 28 4
51 37 39
52 18 32
53 39 29
54 48 37
55 3 5
56 6 32
57 5 33
58 48 2
59 16 35
60 27 29
61 44 44
62 23 19
63 16 10
64 48 3
65 29 46
66 13 48
67 29 36
68 7 35
69 47 14
70 16 38
71 12 39
72 36 42
73 24 25
74 1 14
75 14 6
76 6 12
77 12 47
78 45 37
79 25 21
80 46 7
81 35 44
82 29 0
83 8 39
84 30 26
85 41 6
86 18 25
87 28 4
88 23 32
89 19 15
90 49 36
91 41 35
92 8 36
93 16 23
94 32 15
95 23 20
96 1 44
97 39 38
98 37 28
99 49 46
100 10 16
