1 34 32
2 31 40
3 32 6
4 20 18
5 45 38
6 49 32
7 40 45
8 43 10
9 12 21
10 38 16
11 34 18
12 9 14
13 40 14
14 10 18
15 0 22
16 45 33
17 49 33
18 21 16
19 42 45
20 28 15
21 21 21
22 29 38
23 26 34
24 11 31
25 6 46
26 6 44
27 44 4
28 28 34
29 40 23
30 7 0
31 4 29
32 15 44
33 49 20
34 45 36
35 12 5
36 13 32
37 48 9
38 36 9
39 34 1
40 27 11
41 33 41
42 48 14
43 28 11
44 30 27
45 23 45
46 44 10
47 11 1
48 40 14
49 48 17
50 22 5
51 12 35
52 13 45
53 29 43
54 16 21
55 24 4
56 42 33
57 18 6
58 47 19
59 15 8
60 27 3
61 24 35
62 2 28
63 37 3
64 29 36
65 9 3
66 6 37
67 23 25
68 15 1
69 7 5
70 49 10
71 34 44
72 11 46
73 36 8
74 0 9
75 26 14
76 4 38
77 14 20
78 39 27
79 5 6
80 45 46
81 37 2
82 28 14
83 44 36
84 48 35
85 49 36
86 29 46
87 34 10
88 28 44
89 37 8
90 40 29
91 21 5
92 44 32
93 15 38
94 8 24
95 33 20
96 11 42
97 36 49
98 8 9
99 21 41
100 31 49
101 37 12
102 12 26
103 36 38
104 19 10
105 33 5
106 27 24
107 1 43
108 10 12
109 25 49
110 39 4
111 25 28
112 45 7
113 23 10
114 23 14
115 30 40
116 46 0
117 30 31
118 34 16
119 27 36
120 0 22
121 41 43
122 1 47
123 32 15
124 44 7
125 3 2
126 26 45
127 35 44
128 40 46
129 10 21
130 42 43
131 31 16
132 9 11
133 30 16
134 28 15
135 7 15
136 43 25
137 49 25
138 44 47
139 20 28
140 25 31
141 28 23
142 39 11
143 35 26
144 18 39
145 40 33
146 17 33
147 26 29
148 18 27
149 17 29
150 14 32
151 41 37
152 10 12
153 36 40
154 10 46
155 6 24
156 42 35
157 4 3
158 34 11
159 49 4
160 40 3
161 47 26
162 49 21
163 35 49
164 49 3
165 41 46
166 45 17
167 24 25
168 44 18
169 7 13
170 11 2
171 23 5
172 28 12
173 42 12
174 39 15
175 0 23
176 37 16
177 21 30
178 1 26
179 32 19
180 30 41
181 31 47
182 19 15
183 12 31
184 31 25
185 42 2
186 20 18
187 13 22
188 10 23
189 44 17
190 44 32
191 21 43
192 39 8
193 34 10
194 34 43
195 47 19
196 11 43
197 15 17
198 6 25
199 5 26
200 14 36
201 7 18
202 35 20
203 8 19
204 12 29
205 9 12
206 4 6
207 24 5
208 33 12
209 38 18
210 4 1
211 25 1
212 13 30
213 1 11
214 29 25
215 8 43
216 24 3
217 24 5
218 10 48
219 23 2
220 36 41
221 42 19
222 10 22
223 31 10
224 23 22
225 11 2
226 18 38
227 3 31
228 23 18
229 24 28
230 16 8
231 40 37
232 30 21
233 10 30
234 35 8
235 12 10
236 38 31
237 33 38
238 17 18
239 28 10
240 3 26
241 32 26
242 6 31
243 45 43
244 17 13
245 0 4
246 9 32
247 14 5
248 39 39
249 22 42
250 48 35
251 37 4
252 31 49
253 43 25
254 38 22
255 15 8
256 48 37
257 4 10
258 1 44
259 42 11
260 36 9
261 0 8
262 41 29
263 26 25
264 18 26
265 21 32
266 43 21
267 46 15
268 43 14
269 8 19
270 45 43
271 35 27
272 13 49
273 48 29
274 38 32
275 23 28
276 25 10
277 27 11
278 19 33
279 9 46
280 24 2
281 41 20
282 48 6
283 20 10
284 39 10
285 0 40
286 41 23
287 4 37
288 45 47
289 7 18
290 14 19
291 34 1
292 38 6
293 15 9
294 23 13
295 48 4
296 2 37
297 24 42
298 16 29
299 25 12
300 3 44
301 4 45
302 38 8
303 6 44
304 11 36
305 14 2
306 0 27
307 19 6
308 4 14
309 36 12
310 19 26
311 6 40
312 36 3
313 24 6
314 25 43
315 35 41
316 40 18
317 7 1
318 0 29
319 5 43
320 30 23
321 18 28
322 32 21
323 21 6
324 5 34
325 17 0
326 32 24
327 15 34
328 22 46
329 11 10
330 42 42
331 5 13
332 32 19
333 48 12
334 45 42
335 15 35
336 32 25
337 27 14
338 6 21
339 48 34
340 17 12
341 25 31
342 30 32
343 28 3
344 46 17
345 46 19
346 3 1
347 23 1
348 13 12
349 32 22
350 17 35
351 33 7
352 10 26
353 16 9
354 32 20
355 43 37
356 13 20
357 10 19
358 27 30
359 37 9
360 32 16
361 17 10
362 48 27
363 11 11
364 49 49
365 7 15
366 14 46
367 38 16
368 6 8
369 35 19
370 5 19
371 22 27
372 29 49
373 14 26
374 40 8
375 47 33
376 46 1
377 36 26
378 27 27
379 41 21
380 41 48
381 1 42
382 30 43
383 47 48
384 41 34
385 49 39
386 44 23
387 24 6
388 44 12
389 39 9
390 14 23
391 16 7
392 15 6
393 2 41
394 10 30
395 22 26
396 30 21
397 24 47
398 7 16
399 36 30
400 17 1
401 20 4
402 29 48
403 24 46
404 18 8
405 31 39
406 11 25
407 12 12
408 10 21
409 19 41
410 17 31
411 38 7
412 20 23
413 29 19
414 11 34
415 28 11
416 35 6
417 16 1
418 17 42
419 5 26
420 46 3
421 22 22
422 3 43
423 21 35
424 38 38
425 35 16
426 6 43
427 5 49
428 16 18
429 44 42
430 2 11
431 34 0
432 11 16
433 28 38
434 6 22
435 47 49
436 27 22
437 41 42
438 38 35
439 33 45
440 49 12
441 41 16
442 27 9
443 42 34
444 17 41
445 3 24
446 34 38
447 16 20
448 22 10
449 47 31
450 23 16
451 24 0
452 37 0
453 31 9
454 14 47
455 25 23
456 8 21
457 26 13
458 31 31
459 46 38
460 26 43
461 4 21
462 5 24
463 5 21
464 1 28
465 7 8
466 15 23
467 21 36
468 27 0
469 33 27
470 10 39
471 17 11
472 21 7
473 8 38
474 2 8
475 43 42
476 24 34
477 16 38
478 27 2
479 40 14
480 3 35
481 39 11
482 13 31
483 3 21
484 17 42
485 28 16
486 39 25
487 37 20
488 35 16
489 10 16
490 45 44
491 35 12
492 6 40
493 11 35
494 4 0
495 6 5
496 28 48
497 37 25
498 47 8
499 4 40
500 22 44
501 49 5
502 9 13
503 46 3
504 37 5
505 15 26
506 37 2
507 25 30
508 23 33
509 49 47
510 28 15
511 3 2
512 10 19
513 37 13
514 30 40
515 27 13
516 23 24
517 47 31
518 46 27
519 34 39
520 33 12
521 25 13
522 42 44
523 44 48
524 46 10
525 28 16
526 31 12
527 7 28
528 16 41
529 11 13
530 8 42
531 6 28
532 11 19
533 22 3
534 29 24
535 14 28
536 20 39
537 31 23
538 35 8
539 47 1
540 37 41
541 3 37
542 1 24
543 13 0
544 13 11
545 18 48
546 11 31
547 29 33
548 38 13
549 24 28
550 39 31
551 45 3
552 35 44
553 2 40
554 48 22
555 17 27
556 32 32
557 5 16
558 16 26
559 25 22
560 35 2
561 21 3
562 32 7
563 26 42
564 37 26
565 3 4
566 23 49
567 5 49
568 10 48
569 30 43
570 13 8
571 31 10
572 40 47
573 34 39
574 35 7
575 18 33
576 29 1
577 20 8
578 0 1
579 21 7
580 47 22
581 33 14
582 14 10
583 34 39
584 44 9
585 43 25
586 35 19
587 45 27
588 4 38
589 10 6
590 49 23
591 8 27
592 0 17
593 39 35
594 35 32
595 39 46
596 6 21
597 46 46
598 19 2
599 33 32
600 28 48
601 25 17
602 12 21
603 36 8
604 19 2
605 35 25
606 5 42
607 36 26
608 28 33
609 33 13
610 1 27
611 31 36
612 0 31
613 19 20
614 18 6
615 32 26
616 47 46
617 5 37
618 28 48
619 7 18
620 19 29
621 18 20
622 32 20
623 15 27
624 39 41
625 1 47
626 27 7
627 18 22
628 35 35
629 42 20
630 25 46
631 16 40
632 28 1
633 1 38
634 3 19
635 2 35
636 25 37
637 16 3
638 33 26
639 39 0
640 44 26
641 22 6
642 41 31
643 31 32
644 11 2
645 29 2
646 9 0
647 18 37
648 17 46
649 34 29
650 8 11
651 44 10
652 2 46
653 36 2
654 42 39
655 3 5
656 42 16
657 39 21
658 14 5
659 28 13
660 16 45
661 2 7
662 35 21
663 17 30
664 5 34
665 47 5
666 45 1
667 22 19
668 34 33
669 42 11
670 40 0
671 38 20
672 29 48
673 18 48
674 21 4
675 20 18
676 26 5
677 42 34
678 9 29
679 6 35
680 26 30
681 45 34
682 28 20
683 0 47
684 7 40
685 41 47
686 37 30
687 6 30
688 25 41
689 12 35
690 10 4
691 3 20
692 23 41
693 38 32
694 39 7
695 20 47
696 8 16
697 39 18
698 44 14
699 33 19
700 6 44
701 12 17
702 10 14
703 11 35
704 13 34
705 45 14
706 32 28
707 12 24
708 22 35
709 11 0
710 14 12
711 25 21
712 49 14
713 8 7
714 13 22
715 0 3
716 27 45
717 12 3
718 14 38
719 20 8
720 35 41
721 45 47
722 43 5
723 29 49
724 16 4
725 46 3
726 31 1
727 19 20
728 42 18
729 23 28
730 12 18
731 45 21
732 43 13
733 41 7
734 43 0
735 42 29
736 10 7
737 6 37
738 7 41
739 12 28
740 21 33
741 36 45
742 4 16
743 1 26
744 24 34
745 29 27
746 21 12
747 33 25
748 46 46
749 12 9
750 15 24
751 33 24
752 7 39
753 2 1
754 16 3
755 27 3
756 2 17
757 40 11
758 15 33
759 46 8
760 29 42
761 48 25
762 20 13
763 22 33
764 41 45
765 46 37
766 13 42
767 48 15
768 30 45
769 16 5
770 29 13
771 4 5
772 44 9
773 2 17
774 48 26
775 44 9
776 9 11
777 33 35
778 3 9
779 38 30
780 4 47
781 20 47
782 39 37
783 14 39
784 24 28
785 30 15
786 11 9
787 40 28
788 45 42
789 34 23
790 15 38
791 6 42
792 14 37
793 48 40
794 10 4
795 21 31
796 7 26
797 30 24
798 31 47
799 15 26
800 33 7
801 32 5
802 43 12
803 31 24
804 21 6
805 10 12
806 12 19
807 25 0
808 40 28
809 47 37
810 8 23
811 31 2
812 0 48
813 16 33
814 44 34
815 38 36
816 25 37
817 31 32
818 46 16
819 7 10
820 18 37
821 25 27
822 29 25
823 9 25
824 27 20
825 27 37
826 2 25
827 17 3
828 9 47
829 7 44
830 44 13
831 30 16
832 35 0
833 38 20
834 9 27
835 30 37
836 47 27
837 12 21
838 20 30
839 14 46
840 38 42
841 33 40
842 41 29
843 45 33
844 49 9
845 13 12
846 11 48
847 23 12
848 9 4
849 5 10
850 38 26
851 6 20
852 16 30
853 27 26
854 43 49
855 4 24
856 34 48
857 37 7
858 2 7
859 44 46
860 39 20
861 45 25
862 4 2
863 15 1
864 22 49
865 30 21
866 13 37
867 12 30
868 41 2
869 41 25
870 6 26
871 10 9
872 19 13
873 20 6
874 22 33
875 8 23
876 43 23
877 37 7
878 46 11
879 15 27
880 48 47
881 24 21
882 7 14
883 30 6
884 9 33
885 0 39
886 32 31
887 11 16
888 49 37
889 18 16
890 7 0
891 20 10
892 16 47
893 40 44
894 14 9
895 6 8
896 3 18
897 42 16
898 22 32
899 48 16
900 5 9
901 45 37
902 29 24
903 23 6
904 49 17
905 38 43
906 42 44
907 26 21
908 9 36
909 16 12
910 44 24
911 15 48
912 41 33
913 20 45
914 34 1
915 21 44
916 6 19
917 39 40
918 25 27
919 3 34
920 44 30
921 25 1
922 18 39
923 35 45
924 48 48
925 6 23
926 46 31
927 43 18
928 19 31
929 35 43
930 47 32
931 47 31
932 30 43
933 20 4
934 22 11
935 10 8
936 4 22
937 0 2
938 23 45
939 19 25
940 14 17
941 5 36
942 40 24
943 16 43
944 23 47
945 17 14
946 19 24
947 4 30
948 7 38
949 1 6
950 5 48
951 40 12
952 1 22
953 11 12
954 42 23
955 33 44
956 40 23
957 2 21
958 41 41
959 44 10
960 3 42
961 30 16
962 43 9
963 47 27
964 2 40
965 43 47
966 11 18
967 7 37
968 27 4
969 36 18
970 24 14
971 49 23
972 24 29
973 27 0
974 22 10
975 37 28
976 24 15
977 12 11
978 42 9
979 21 23
980 13 37
981 39 13
982 22 35
983 2 31
984 24 26
985 14 8
986 5 26
987 44 38
988 48 27
989 19 34
990 23 3
991 44 10
992 32 5
993 34 21
994 25 7
995 37 22
996 16 42
997 6 6
998 10 36
999 7 6
1000 34 20
