1 37 11
2 27 11
3 9 44
4 8 22
5 35 6
6 27 25
7 42 9
8 16 31
9 43 49
10 47 40
11 22 33
12 25 21
13 27 42
14 45 43
15 37 43
16 43 45
17 41 49
18 11 40
19 9 8
20 13 43
21 44 47
22 39 47
23 2 34
24 12 29
25 11 11
26 43 32
27 10 28
28 5 13
29 44 23
30 49 49
31 16 33
32 36 0
33 21 6
34 10 6
35 32 39
36 15 13
37 4 9
38 35 11
39 32 42
40 41 12
41 24 42
42 20 39
43 30 34
44 7 17
45 47 48
46 35 10
47 13 19
48 5 33
49 0 12
50 27 27
51 32 25
52 37 27
53 44 14
54 39 16
55 20 11
56 39 13
57 45 24
58 0 49
59 19 29
60 47 23
61 8 10
62 39 25
63 17 11
64 29 48
65 1 17
66 38 45
67 43 18
68 43 4
69 2 39
70 46 8
71 40 45
72 23 31
73 26 2
74 13 21
75 11 33
76 19 47
77 44 48
78 30 17
79 21 31
80 27 47
81 15 41
82 3 27
83 5 11
84 8 4
85 30 26
86 32 2
87 29 17
88 48 11
89 4 7
90 47 10
91 6 21
92 43 22
93 48 46
94 45 38
95 26 41
96 42 42
97 28 27
98 1 35
99 16 26
100 37 49
101 13 3
102 21 15
103 24 26
104 18 36
105 9 1
106 7 29
107 39 40
108 21 9
109 40 37
110 43 33
111 17 33
112 37 25
113 4 15
114 18 4
115 39 20
116 5 17
117 43 19
118 22 12
119 10 15
120 19 30
121 29 24
122 38 49
123 28 48
124 1 14
125 22 14
126 17 13
127 32 22
128 3 4
129 41 25
130 8 38
131 23 0
132 8 39
133 17 49
134 21 15
135 33 3
136 6 22
137 49 9
138 17 29
139 25 7
140 15 20
141 9 19
142 24 3
143 17 16
144 36 2
145 34 48
146 5 13
147 35 48
148 23 10
149 37 46
150 41 22
151 22 29
152 9 31
153 42 9
154 43 5
155 27 43
156 21 32
157 7 25
158 21 35
159 22 36
160 17 16
161 47 8
162 4 45
163 11 18
164 39 21
165 25 20
166 13 44
167 31 6
168 47 49
169 27 35
170 6 31
171 7 22
172 7 33
173 15 49
174 20 19
175 27 3
176 10 38
177 9 28
178 5 20
179 10 29
180 37 42
181 9 22
182 7 46
183 34 40
184 8 3
185 38 8
186 6 0
187 6 27
188 12 5
189 33 15
190 49 19
191 18 44
192 24 43
193 5 18
194 18 39
195 40 42
196 47 22
197 7 43
198 30 11
199 39 14
200 40 14
201 6 24
202 40 9
203 31 11
204 8 8
205 38 32
206 32 40
207 29 44
208 33 33
209 0 15
210 29 21
211 37 29
212 6 8
213 36 24
214 31 7
215 11 28
216 2 31
217 8 26
218 2 2
219 22 1
220 42 29
221 17 40
222 26 33
223 3 32
224 12 49
225 8 45
226 29 23
227 15 16
228 36 14
229 29 28
230 26 21
231 12 7
232 32 20
233 18 0
234 44 19
235 30 25
236 46 33
237 15 12
238 23 10
239 8 10
240 31 46
241 31 38
242 11 17
243 22 40
244 31 13
245 8 30
246 26 8
247 46 19
248 24 17
249 31 21
250 49 2
251 7 42
252 2 38
253 47 22
254 18 18
255 13 7
256 19 22
257 14 17
258 19 36
259 16 8
260 8 38
261 33 11
262 36 44
263 23 8
264 20 47
265 44 17
266 16 24
267 11 42
268 25 44
269 17 24
270 28 32
271 39 41
272 33 21
273 6 38
274 20 28
275 42 30
276 18 41
277 4 20
278 13 1
279 38 32
280 15 49
281 0 0
282 10 26
283 13 1
284 8 27
285 9 44
286 39 6
287 10 41
288 44 40
289 34 49
290 31 24
291 34 7
292 21 23
293 24 48
294 35 32
295 49 28
296 19 22
297 48 48
298 26 12
299 36 9
300 28 46
301 31 36
302 5 36
303 21 38
304 34 2
305 47 12
306 15 19
307 22 35
308 27 22
309 33 16
310 33 10
311 33 21
312 36 23
313 10 13
314 5 14
315 35 46
316 14 16
317 27 45
318 11 41
319 21 14
320 4 44
321 10 34
322 32 12
323 2 19
324 43 8
325 47 17
326 40 45
327 47 14
328 9 38
329 13 32
330 30 15
331 5 38
332 30 33
333 49 43
334 2 49
335 6 13
336 49 8
337 25 12
338 6 16
339 23 4
340 38 5
341 13 34
342 48 47
343 0 23
344 18 11
345 35 3
346 17 35
347 47 7
348 17 25
349 42 15
350 20 1
351 21 15
352 40 9
353 0 42
354 11 21
355 30 11
356 16 10
357 25 6
358 26 17
359 43 41
360 49 29
361 15 23
362 29 31
363 41 0
364 1 5
365 45 17
366 8 17
367 34 28
368 25 49
369 43 38
370 7 28
371 23 45
372 4 31
373 4 21
374 6 36
375 17 2
376 24 34
377 18 43
378 0 8
379 40 21
380 14 43
381 45 42
382 22 18
383 12 32
384 31 10
385 9 15
386 48 41
387 32 6
388 6 43
389 38 10
390 27 28
391 15 11
392 36 34
393 17 30
394 20 44
395 19 25
396 19 46
397 9 48
398 12 23
399 16 47
400 44 47
401 18 35
402 48 20
403 47 21
404 11 47
405 40 8
406 44 31
407 5 44
408 9 33
409 45 41
410 36 25
411 45 31
412 12 1
413 11 3
414 6 45
415 7 1
416 42 49
417 25 12
418 14 1
419 17 31
420 19 45
421 9 30
422 48 26
423 19 45
424 8 22
425 44 16
426 11 44
427 1 40
428 23 35
429 33 39
430 15 10
431 15 25
432 36 10
433 15 35
434 32 28
435 6 45
436 33 31
437 14 2
438 48 38
439 4 3
440 22 33
441 38 27
442 47 16
443 25 25
444 37 35
445 29 16
446 47 31
447 17 49
448 40 18
449 49 0
450 30 40
451 17 8
452 3 39
453 34 14
454 19 42
455 30 29
456 3 9
457 16 42
458 23 48
459 17 21
460 24 25
461 40 6
462 33 1
463 32 11
464 33 49
465 30 5
466 40 33
467 24 25
468 45 11
469 10 29
470 8 35
471 17 49
472 20 23
473 28 3
474 45 27
475 1 39
476 37 15
477 39 30
478 16 39
479 27 39
480 0 26
481 28 8
482 29 23
483 19 4
484 9 13
485 16 5
486 7 17
487 20 11
488 22 31
489 37 13
490 4 19
491 3 35
492 12 7
493 19 18
494 6 15
495 34 33
496 26 47
497 20 44
498 43 30
499 22 8
500 24 35
