1 23 12
2 1 41
3 8 41
4 13 49
5 48 35
6 38 8
7 49 12
8 25 24
9 11 10
10 14 34
11 9 45
12 36 36
13 40 29
14 1 24
15 21 11
16 47 48
17 36 7
18 6 24
19 14 46
20 38 39
21 9 35
22 2 0
23 27 34
24 43 42
25 33 11
26 19 12
27 0 41
28 26 22
29 43 40
30 42 36
31 0 18
32 26 26
33 22 32
34 12 2
35 47 36
36 19 38
37 17 20
38 1 44
39 16 41
40 17 40
41 8 28
42 42 9
43 39 23
44 4 41
45 0 12
46 46 15
47 13 13
48 38 2
49 27 24
50 28 9
51 45 15
52 48 32
53 23 24
54 34 45
55 5 34
56 33 19
57 14 49
58 25 20
59 40 12
60 9 1
61 23 16
62 35 45
63 3 11
64 44 1
65 6 0
66 27 29
67 9 43
68 2 11
69 42 35
70 49 16
71 24 46
72 7 30
73 19 14
74 32 39
75 45 38
76 17 19
77 12 4
78 2 1
79 15 26
80 11 34
81 20 21
82 42 17
83 20 17
84 39 43
85 39 20
86 30 9
87 7 42
88 23 11
89 7 6
90 21 12
91 16 15
92 20 22
93 22 12
94 37 11
95 39 4
96 26 14
97 47 4
98 34 25
99 16 22
100 5 8
101 29 2
102 4 8
103 13 36
104 30 34
105 19 47
106 49 45
107 6 16
108 12 16
109 47 26
110 10 29
111 11 20
112 31 41
113 8 3
114 18 41
115 41 46
116 9 46
117 45 9
118 10 36
119 7 17
120 10 24
121 11 8
122 23 22
123 25 21
124 0 14
125 13 5
126 23 24
127 27 38
128 17 44
129 47 49
130 0 43
131 47 0
132 7 15
133 10 30
134 27 19
135 10 43
136 0 31
137 18 34
138 25 40
139 32 24
140 12 29
141 37 23
142 17 25
143 21 35
144 26 41
145 33 9
146 32 8
147 11 11
148 48 18
149 26 37
150 16 19
151 6 39
152 31 17
153 33 27
154 42 5
155 34 44
156 34 22
157 47 18
158 0 37
159 7 28
160 25 4
161 20 48
162 24 48
163 21 17
164 34 33
165 28 15
166 27 25
167 14 19
168 26 12
169 49 48
170 15 41
171 46 18
172 42 25
173 10 10
174 30 13
175 30 30
176 37 45
177 17 11
178 23 43
179 13 33
180 43 13
181 44 7
182 14 12
183 21 7
184 16 21
185 14 26
186 43 11
187 16 32
188 10 16
189 33 22
190 17 39
191 30 2
192 32 8
193 27 18
194 0 45
195 33 22
196 14 48
197 22 27
198 19 5
199 28 32
200 12 2
201 48 32
202 7 48
203 14 37
204 28 12
205 17 20
206 30 37
207 22 29
208 35 25
209 42 10
210 2 43
211 49 38
212 43 31
213 19 24
214 9 11
215 11 29
216 47 7
217 18 12
218 0 4
219 29 12
220 25 21
221 26 20
222 23 21
223 36 1
224 46 40
225 6 26
226 20 41
227 36 20
228 41 2
229 3 16
230 34 10
231 39 7
232 22 27
233 37 38
234 27 6
235 32 47
236 15 10
237 22 44
238 22 28
239 16 13
240 20 36
241 36 26
242 9 47
243 18 7
244 10 38
245 15 38
246 45 13
247 13 24
248 19 10
249 11 20
250 8 31
251 0 38
252 44 32
253 6 1
254 23 48
255 39 21
256 14 31
257 8 36
258 35 23
259 22 14
260 24 16
261 46 48
262 21 30
263 6 27
264 31 35
265 10 26
266 1 33
267 4 40
268 15 19
269 30 28
270 1 28
271 41 17
272 39 36
273 5 0
274 20 5
275 49 16
276 29 36
277 23 44
278 17 47
279 27 10
280 43 49
281 46 18
282 35 44
283 8 36
284 6 35
285 12 34
286 37 30
287 9 11
288 30 22
289 27 1
290 13 24
291 5 1
292 2 4
293 14 3
294 11 20
295 38 25
296 38 18
297 12 5
298 8 32
299 29 22
300 21 42
301 21 22
302 3 7
303 28 27
304 32 5
305 15 35
306 8 1
307 39 33
308 19 34
309 40 22
310 30 34
311 43 8
312 6 43
313 42 48
314 38 20
315 17 46
316 35 29
317 23 9
318 10 41
319 4 16
320 37 37
321 34 8
322 43 44
323 6 21
324 48 0
325 48 25
326 21 16
327 29 27
328 21 31
329 22 35
330 41 20
331 34 17
332 15 3
333 34 21
334 18 37
335 35 22
336 49 17
337 26 40
338 46 19
339 28 15
340 36 18
341 5 36
342 3 18
343 28 29
344 28 38
345 23 20
346 11 31
347 11 22
348 45 44
349 44 38
350 14 41
351 5 23
352 43 6
353 12 29
354 0 20
355 33 48
356 28 23
357 45 10
358 14 7
359 40 5
360 46 14
361 39 16
362 16 43
363 3 8
364 21 19
365 48 12
366 44 9
367 35 22
368 4 10
369 24 33
370 20 17
371 39 2
372 32 22
373 32 29
374 31 26
375 11 23
376 24 21
377 46 10
378 3 13
379 21 24
380 49 13
381 38 44
382 12 46
383 49 9
384 20 29
385 33 10
386 43 49
387 17 35
388 10 2
389 41 7
390 4 4
391 34 14
392 24 7
393 12 36
394 24 46
395 12 30
396 17 20
397 15 20
398 45 4
399 48 32
400 35 6
401 3 26
402 31 46
403 5 14
404 17 49
405 42 16
406 40 45
407 7 26
408 5 44
409 34 6
410 16 40
411 13 14
412 17 44
413 6 13
414 13 45
415 6 31
416 21 4
417 48 19
418 33 3
419 41 15
420 19 41
421 0 11
422 17 13
423 5 41
424 21 29
425 24 16
426 46 47
427 11 22
428 41 18
429 47 1
430 14 14
431 20 37
432 8 31
433 2 29
434 10 21
435 6 41
436 9 37
437 43 31
438 45 42
439 11 2
440 40 45
441 13 0
442 20 40
443 20 2
444 32 34
445 25 36
446 27 26
447 22 27
448 29 41
449 12 41
450 32 6
451 28 40
452 47 44
453 37 6
454 48 2
455 15 2
456 12 40
457 23 7
458 5 3
459 11 13
460 1 30
461 40 39
462 22 14
463 11 49
464 27 36
465 31 40
466 20 39
467 1 45
468 1 35
469 19 24
470 7 30
471 22 40
472 14 14
473 39 35
474 8 19
475 22 41
476 2 47
477 23 1
478 31 42
479 41 6
480 22 36
481 26 25
482 17 49
483 16 28
484 11 35
485 8 16
486 16 23
487 23 34
488 43 17
489 8 31
490 28 34
491 10 29
492 28 45
493 17 43
494 35 28
495 24 1
496 44 15
497 8 42
498 14 4
499 7 3
500 10 20
501 8 2
502 46 43
503 30 0
504 34 17
505 36 0
506 5 27
507 32 22
508 12 29
509 21 47
510 16 32
511 45 48
512 26 40
513 11 24
514 36 12
515 0 11
516 8 24
517 42 46
518 28 34
519 21 42
520 34 21
521 9 31
522 1 41
523 30 26
524 41 46
525 2 39
526 15 3
527 41 43
528 13 30
529 44 48
530 47 40
531 38 49
532 41 17
533 35 29
534 43 4
535 49 5
536 38 16
537 23 28
538 23 33
539 29 20
540 37 32
541 9 49
542 6 43
543 37 46
544 27 28
545 47 48
546 13 36
547 8 27
548 28 33
549 20 28
550 28 15
551 15 43
552 42 19
553 22 14
554 28 28
555 0 44
556 47 32
557 10 17
558 31 29
559 2 34
560 0 28
561 20 48
562 31 20
563 34 25
564 44 22
565 47 16
566 47 44
567 48 43
568 3 39
569 5 37
570 23 44
571 35 38
572 47 30
573 32 22
574 5 49
575 16 4
576 22 23
577 3 3
578 12 40
579 36 19
580 5 10
581 12 16
582 14 44
583 7 16
584 15 4
585 40 46
586 39 21
587 36 0
588 6 35
589 24 25
590 17 6
591 43 45
592 41 10
593 25 3
594 41 30
595 43 20
596 17 20
597 45 23
598 40 27
599 35 3
600 0 49
601 47 27
602 17 21
603 8 5
604 16 43
605 22 12
606 14 22
607 21 28
608 36 12
609 18 40
610 37 43
611 31 24
612 32 6
613 9 34
614 39 10
615 32 39
616 3 14
617 36 49
618 48 37
619 27 32
620 32 43
621 32 16
622 28 19
623 21 46
624 48 5
625 35 38
626 28 40
627 8 22
628 21 5
629 15 48
630 39 15
631 38 29
632 8 14
633 13 27
634 34 8
635 14 16
636 27 6
637 29 40
638 32 1
639 5 27
640 22 19
641 40 47
642 46 37
643 25 26
644 11 41
645 2 18
646 21 41
647 33 42
648 12 5
649 46 44
650 9 8
651 18 46
652 7 18
653 8 44
654 48 5
655 6 5
656 18 39
657 0 43
658 22 27
659 44 8
660 32 3
661 15 26
662 4 41
663 42 11
664 14 31
665 46 37
666 21 42
667 18 36
668 36 39
669 8 1
670 19 13
671 21 5
672 23 26
673 1 48
674 6 2
675 16 47
676 20 26
677 20 13
678 3 19
679 4 49
680 14 19
681 5 48
682 26 49
683 37 8
684 34 18
685 44 7
686 0 25
687 8 35
688 41 2
689 21 11
690 41 45
691 26 43
692 1 40
693 4 24
694 48 30
695 15 28
696 26 44
697 3 28
698 1 31
699 12 35
700 24 19
701 49 8
702 1 45
703 5 4
704 30 40
705 8 46
706 3 31
707 0 41
708 13 31
709 10 17
710 9 2
711 14 21
712 5 4
713 23 19
714 10 29
715 35 44
716 49 16
717 34 42
718 3 33
719 9 36
720 9 24
721 38 40
722 2 43
723 20 20
724 13 12
725 24 34
726 43 17
727 49 1
728 32 11
729 34 33
730 37 23
731 0 41
732 5 47
733 8 37
734 27 12
735 11 7
736 34 16
737 18 19
738 46 47
739 7 42
740 30 9
741 21 29
742 49 47
743 45 8
744 14 37
745 25 2
746 35 39
747 16 34
748 25 25
749 8 25
750 27 46
751 1 42
752 21 41
753 12 26
754 22 35
755 14 14
756 43 8
757 37 21
758 31 19
759 37 30
760 1 31
761 19 42
762 32 22
763 31 33
764 38 22
765 45 20
766 30 27
767 37 25
768 44 27
769 26 15
770 29 24
771 31 11
772 8 14
773 36 42
774 32 24
775 21 38
776 7 42
777 29 23
778 1 16
779 18 3
780 32 8
781 12 8
782 4 19
783 15 17
784 42 17
785 5 5
786 34 24
787 4 18
788 14 26
789 6 17
790 26 5
791 7 44
792 49 9
793 47 3
794 43 13
795 29 35
796 32 8
797 2 45
798 30 24
799 15 45
800 35 34
801 45 47
802 35 11
803 14 26
804 35 20
805 4 39
806 22 42
807 45 14
808 48 11
809 30 33
810 35 11
811 0 23
812 43 11
813 42 24
814 36 6
815 3 47
816 11 15
817 15 3
818 39 20
819 23 45
820 6 48
821 26 17
822 29 16
823 6 46
824 41 29
825 4 11
826 34 33
827 31 12
828 3 7
829 38 49
830 48 27
831 42 29
832 12 5
833 42 39
834 48 47
835 28 30
836 8 46
837 26 36
838 42 18
839 29 11
840 5 24
841 34 8
842 3 11
843 20 3
844 46 24
845 29 25
846 0 42
847 24 40
848 0 15
849 9 29
850 15 10
851 29 19
852 13 8
853 9 24
854 29 36
855 31 7
856 0 23
857 0 6
858 39 34
859 14 19
860 35 30
861 11 11
862 9 18
863 8 5
864 15 38
865 17 23
866 6 33
867 10 30
868 45 20
869 32 34
870 39 44
871 27 20
872 11 20
873 40 40
874 19 5
875 20 38
876 47 3
877 17 30
878 9 2
879 25 19
880 19 36
881 5 22
882 27 29
883 32 24
884 0 11
885 16 42
886 16 11
887 14 10
888 18 41
889 5 18
890 13 13
891 32 38
892 34 11
893 13 1
894 2 12
895 37 12
896 28 29
897 38 29
898 14 5
899 41 34
900 36 6
901 21 5
902 34 14
903 19 43
904 17 17
905 23 34
906 49 12
907 12 1
908 30 46
909 2 21
910 17 30
911 23 15
912 26 6
913 4 44
914 33 28
915 33 47
916 13 6
917 39 27
918 35 21
919 4 0
920 10 24
921 31 13
922 48 25
923 46 32
924 38 35
925 49 24
926 35 22
927 12 0
928 34 42
929 24 37
930 47 1
931 34 6
932 8 19
933 40 46
934 37 36
935 43 40
936 3 32
937 16 3
938 20 44
939 3 41
940 14 4
941 8 38
942 28 5
943 41 18
944 36 33
945 26 26
946 41 0
947 49 23
948 34 6
949 37 26
950 48 49
951 49 26
952 23 20
953 16 38
954 23 7
955 10 35
956 25 6
957 23 15
958 49 35
959 14 19
960 29 34
961 28 17
962 11 32
963 11 2
964 27 46
965 14 18
966 49 9
967 27 20
968 36 1
969 43 13
970 30 29
971 38 26
972 12 11
973 27 21
974 4 10
975 36 16
976 25 24
977 38 13
978 18 44
979 3 31
980 41 4
981 14 27
982 36 1
983 29 35
984 44 10
985 5 15
986 17 47
987 1 49
988 20 14
989 19 34
990 18 27
991 49 22
992 24 19
993 15 27
994 0 4
995 39 24
996 10 20
997 36 46
998 23 40
999 26 44
1000 27 2
1001 3 29
1002 4 32
1003 22 42
1004 38 47
1005 44 11
1006 25 8
1007 36 45
1008 41 6
1009 41 13
1010 49 40
1011 5 40
1012 16 2
1013 5 1
1014 12 28
1015 40 20
1016 9 21
1017 34 39
1018 15 5
1019 2 41
1020 2 10
1021 36 12
1022 13 36
1023 36 1
1024 4 40
1025 5 9
1026 2 38
1027 15 7
1028 29 38
1029 42 9
1030 22 17
1031 47 13
1032 36 20
1033 4 10
1034 0 25
1035 12 34
1036 15 11
1037 27 41
1038 41 6
1039 22 31
1040 9 47
1041 2 37
1042 42 14
1043 32 5
1044 0 20
1045 9 49
1046 29 46
1047 26 14
1048 9 3
1049 12 19
1050 16 32
1051 37 34
1052 16 22
1053 18 46
1054 7 33
1055 38 40
1056 39 44
1057 45 29
1058 11 37
1059 44 21
1060 23 28
1061 1 42
1062 24 26
1063 39 16
1064 36 23
1065 40 5
1066 22 7
1067 45 4
1068 33 42
1069 6 34
1070 36 30
1071 8 39
1072 43 24
1073 35 48
1074 38 17
1075 13 9
1076 5 27
1077 20 48
1078 31 3
1079 10 38
1080 48 46
1081 5 29
1082 40 42
1083 2 6
1084 25 29
1085 37 45
1086 31 41
1087 44 8
1088 36 47
1089 48 32
1090 30 10
1091 24 14
1092 2 27
1093 42 24
1094 34 22
1095 24 25
1096 17 29
1097 30 47
1098 23 24
1099 20 4
1100 6 38
1101 7 45
1102 32 42
1103 28 15
1104 49 47
1105 34 2
1106 19 34
1107 11 11
1108 17 5
1109 11 44
1110 21 6
1111 32 41
1112 1 2
1113 18 48
1114 38 31
1115 48 34
1116 20 29
1117 31 23
1118 38 4
1119 1 2
1120 3 4
1121 24 27
1122 32 42
1123 31 5
1124 8 42
1125 39 30
1126 38 2
1127 26 43
1128 41 26
1129 48 49
1130 14 41
1131 36 35
1132 31 28
1133 32 10
1134 47 13
1135 15 31
1136 37 24
1137 8 0
1138 14 15
1139 9 41
1140 9 20
1141 17 0
1142 9 34
1143 24 0
1144 23 1
1145 27 8
1146 47 0
1147 13 41
1148 30 10
1149 28 49
1150 3 11
1151 0 45
1152 4 34
1153 15 38
1154 17 12
1155 47 32
1156 19 30
1157 45 23
1158 12 22
1159 11 44
1160 6 45
1161 8 48
1162 23 9
1163 19 40
1164 46 40
1165 46 40
1166 6 41
1167 37 35
1168 27 38
1169 13 28
1170 6 38
1171 37 44
1172 45 46
1173 17 40
1174 26 13
1175 1 13
1176 7 29
1177 15 41
1178 0 19
1179 7 38
1180 28 22
1181 37 36
1182 38 13
1183 6 31
1184 16 38
1185 22 0
1186 19 16
1187 47 48
1188 12 10
1189 24 48
1190 32 20
1191 11 24
1192 1 29
1193 41 5
1194 3 38
1195 7 47
1196 35 23
1197 10 14
1198 46 23
1199 28 41
1200 3 12
1201 34 4
1202 45 32
1203 10 28
1204 38 30
1205 17 44
1206 31 34
1207 39 46
1208 38 40
1209 49 19
1210 33 4
1211 45 21
1212 38 43
1213 26 43
1214 44 44
1215 41 19
1216 36 16
1217 46 2
1218 15 35
1219 31 13
1220 15 38
1221 34 30
1222 27 35
1223 16 42
1224 12 1
1225 37 43
1226 37 18
1227 35 19
1228 38 16
1229 7 28
1230 22 24
1231 20 28
1232 31 32
1233 16 22
1234 1 49
1235 7 7
1236 10 15
1237 34 41
1238 16 26
1239 9 25
1240 5 33
1241 19 5
1242 42 36
1243 25 18
1244 44 5
1245 6 13
1246 22 44
1247 20 29
1248 44 43
1249 14 30
1250 32 6
1251 5 43
1252 20 25
1253 6 19
1254 43 25
1255 48 18
1256 32 38
1257 18 49
1258 49 35
1259 14 47
1260 12 22
1261 34 39
1262 21 48
1263 28 30
1264 5 15
1265 2 1
1266 22 31
1267 7 45
1268 48 12
1269 26 12
1270 18 23
1271 7 35
1272 7 17
1273 18 45
1274 42 28
1275 18 31
1276 49 7
1277 14 25
1278 31 25
1279 29 39
1280 5 36
1281 15 19
1282 5 45
1283 15 3
1284 37 11
1285 35 33
1286 46 44
1287 1 25
1288 18 40
1289 30 14
1290 10 49
1291 16 45
1292 31 21
1293 28 7
1294 13 10
1295 32 40
1296 12 31
1297 12 26
1298 44 31
1299 20 7
1300 14 18
1301 28 27
1302 21 36
1303 44 16
1304 13 37
1305 24 14
1306 26 48
1307 44 34
1308 30 45
1309 47 37
1310 44 44
1311 11 27
1312 30 24
1313 33 43
1314 36 12
1315 31 2
1316 4 29
1317 5 6
1318 30 4
1319 21 39
1320 0 48
1321 18 34
1322 47 4
1323 9 45
1324 2 49
1325 3 47
1326 13 2
1327 8 48
1328 38 25
1329 25 46
1330 48 37
1331 21 46
1332 49 35
1333 34 43
1334 21 24
1335 21 2
1336 14 38
1337 34 11
1338 19 39
1339 11 18
1340 46 22
1341 42 29
1342 8 24
1343 49 18
1344 32 20
1345 27 11
1346 49 37
1347 28 40
1348 44 33
1349 26 31
1350 30 2
1351 36 31
1352 37 19
1353 14 49
1354 0 8
1355 33 44
1356 16 12
1357 28 19
1358 38 17
1359 16 38
1360 28 33
1361 15 17
1362 17 37
1363 29 7
1364 34 45
1365 27 2
1366 27 12
1367 17 24
1368 39 40
1369 48 6
1370 40 39
1371 41 34
1372 0 27
1373 12 1
1374 49 20
1375 45 31
1376 35 41
1377 17 14
1378 1 35
1379 18 2
1380 24 10
1381 15 9
1382 21 36
1383 45 13
1384 26 40
1385 17 44
1386 29 47
1387 41 48
1388 11 8
1389 16 23
1390 14 20
1391 24 36
1392 37 6
1393 32 1
1394 46 42
1395 47 16
1396 48 26
1397 16 23
1398 25 16
1399 18 49
1400 5 7
1401 48 34
1402 6 1
1403 9 42
1404 41 0
1405 27 19
1406 31 46
1407 9 20
1408 33 25
1409 16 19
1410 36 32
1411 36 5
1412 9 9
1413 29 40
1414 35 27
1415 44 34
1416 9 6
1417 28 39
1418 25 9
1419 25 18
1420 27 48
1421 3 0
1422 34 14
1423 1 0
1424 46 30
1425 34 7
1426 45 7
1427 37 27
1428 23 22
1429 16 49
1430 29 6
1431 3 31
1432 32 17
1433 35 40
1434 43 13
1435 23 2
1436 27 2
1437 45 6
1438 16 40
1439 37 25
1440 44 9
1441 13 16
1442 49 29
1443 20 41
1444 26 4
1445 0 20
1446 14 42
1447 15 25
1448 32 34
1449 30 40
1450 13 1
1451 4 15
1452 14 28
1453 29 19
1454 17 14
1455 42 24
1456 16 42
1457 22 40
1458 5 1
1459 10 20
1460 3 20
1461 32 42
1462 47 34
1463 26 2
1464 44 31
1465 9 23
1466 42 22
1467 8 24
1468 28 41
1469 0 41
1470 20 36
1471 45 13
1472 22 40
1473 3 10
1474 37 27
1475 47 24
1476 16 19
1477 15 37
1478 15 7
1479 4 42
1480 3 35
1481 23 29
1482 13 23
1483 3 44
1484 42 45
1485 28 31
1486 14 16
1487 5 22
1488 44 7
1489 21 44
1490 45 24
1491 2 42
1492 5 10
1493 42 26
1494 30 47
1495 48 18
1496 32 16
1497 4 37
1498 18 47
1499 35 9
1500 40 36
1501 30 6
1502 18 34
1503 2 23
1504 12 3
1505 23 20
1506 11 47
1507 10 35
1508 46 44
1509 0 15
1510 26 37
1511 7 16
1512 46 36
1513 9 14
1514 0 36
1515 39 2
1516 6 20
1517 1 7
1518 17 17
1519 40 33
1520 26 33
1521 14 49
1522 31 33
1523 11 5
1524 22 13
1525 29 37
1526 37 15
1527 18 7
1528 9 14
1529 20 28
1530 16 6
1531 11 48
1532 34 40
1533 11 25
1534 8 21
1535 13 16
1536 9 35
1537 36 22
1538 2 48
1539 7 15
1540 12 11
1541 2 12
1542 17 46
1543 0 44
1544 14 0
1545 17 20
1546 5 31
1547 49 22
1548 35 18
1549 8 39
1550 17 36
1551 28 11
1552 9 44
1553 23 13
1554 25 7
1555 30 31
1556 33 1
1557 13 16
1558 39 46
1559 12 11
1560 19 12
1561 2 37
1562 21 35
1563 3 14
1564 22 11
1565 42 17
1566 14 42
1567 2 14
1568 17 2
1569 8 45
1570 19 48
1571 22 16
1572 3 9
1573 25 13
1574 48 27
1575 26 38
1576 45 42
1577 45 37
1578 29 4
1579 31 16
1580 49 20
1581 44 30
1582 10 36
1583 8 23
1584 2 49
1585 46 22
1586 48 22
1587 28 48
1588 12 12
1589 36 1
1590 28 5
1591 9 32
1592 44 13
1593 31 41
1594 14 5
1595 29 10
1596 13 30
1597 25 33
1598 45 18
1599 44 1
1600 2 12
1601 48 17
1602 8 46
1603 5 40
1604 5 7
1605 7 22
1606 32 15
1607 23 16
1608 18 8
1609 36 14
1610 0 20
1611 17 26
1612 20 40
1613 26 45
1614 8 39
1615 11 44
1616 34 14
1617 33 31
1618 35 17
1619 34 32
1620 33 26
1621 45 29
1622 24 41
1623 28 31
1624 13 6
1625 49 48
1626 32 45
1627 36 12
1628 16 24
1629 48 9
1630 4 17
1631 0 15
1632 8 42
1633 35 8
1634 10 39
1635 7 37
1636 8 26
1637 8 17
1638 37 11
1639 9 2
1640 13 35
1641 17 7
1642 26 41
1643 13 13
1644 25 46
1645 25 0
1646 44 3
1647 46 47
1648 12 30
1649 26 14
1650 45 16
1651 17 6
1652 30 32
1653 20 25
1654 35 1
1655 7 17
1656 8 34
1657 46 45
1658 22 12
1659 34 16
1660 4 35
1661 22 7
1662 42 26
1663 45 45
1664 5 4
1665 3 29
1666 16 48
1667 15 2
1668 17 3
1669 42 35
1670 48 3
1671 16 17
1672 17 29
1673 24 21
1674 9 37
1675 30 6
1676 7 32
1677 45 14
1678 30 37
1679 29 9
1680 26 35
1681 36 3
1682 18 1
1683 25 35
1684 6 49
1685 14 1
1686 11 4
1687 41 47
1688 24 21
1689 42 41
1690 4 13
1691 28 34
1692 17 40
1693 7 11
1694 23 21
1695 7 22
1696 6 16
1697 26 23
1698 27 32
1699 30 17
1700 7 19
1701 6 23
1702 22 31
1703 21 27
1704 33 34
1705 42 5
1706 0 15
1707 14 48
1708 33 40
1709 12 49
1710 17 23
1711 18 45
1712 9 35
1713 31 40
1714 31 28
1715 11 19
1716 35 47
1717 31 0
1718 6 7
1719 12 21
1720 26 33
1721 18 15
1722 24 20
1723 4 36
1724 24 22
1725 0 23
1726 25 34
1727 45 23
1728 19 25
1729 47 15
1730 13 11
1731 4 0
1732 32 14
1733 18 32
1734 48 16
1735 31 38
1736 40 48
1737 34 1
1738 5 35
1739 33 37
1740 49 24
1741 3 8
1742 0 39
1743 45 12
1744 47 20
1745 13 19
1746 8 49
1747 20 40
1748 27 17
1749 8 43
1750 32 33
1751 19 25
1752 5 8
1753 2 7
1754 13 47
1755 6 0
1756 28 39
1757 17 9
1758 1 28
1759 35 8
1760 5 23
1761 13 3
1762 17 37
1763 21 45
1764 34 9
1765 47 12
1766 2 21
1767 10 40
1768 45 48
1769 25 38
1770 47 30
1771 7 25
1772 41 26
1773 30 28
1774 30 25
1775 48 48
1776 31 40
1777 6 28
1778 29 34
1779 19 6
1780 32 42
1781 3 21
1782 21 32
1783 17 27
1784 39 18
1785 0 19
1786 49 16
1787 25 2
1788 25 46
1789 23 40
1790 34 15
1791 48 18
1792 39 21
1793 8 6
1794 16 15
1795 29 24
1796 46 28
1797 44 9
1798 9 28
1799 22 5
1800 47 9
1801 35 22
1802 21 27
1803 42 15
1804 42 45
1805 22 30
1806 15 5
1807 7 22
1808 21 22
1809 38 3
1810 33 38
1811 35 49
1812 47 14
1813 23 44
1814 29 9
1815 44 25
1816 48 43
1817 29 3
1818 9 26
1819 29 16
1820 9 15
1821 19 45
1822 0 25
1823 42 22
1824 18 18
1825 33 8
1826 30 20
1827 24 27
1828 8 15
1829 31 6
1830 47 7
1831 3 29
1832 40 23
1833 11 42
1834 0 19
1835 12 1
1836 37 5
1837 7 9
1838 34 10
1839 22 27
1840 0 42
1841 19 13
1842 31 25
1843 29 17
1844 28 11
1845 9 33
1846 45 39
1847 8 38
1848 2 44
1849 48 14
1850 29 30
1851 45 6
1852 35 5
1853 21 49
1854 22 29
1855 32 10
1856 12 21
1857 44 4
1858 24 19
1859 33 10
1860 18 7
1861 26 24
1862 5 32
1863 2 30
1864 23 21
1865 9 4
1866 49 33
1867 44 15
1868 26 30
1869 48 33
1870 44 43
1871 0 25
1872 31 42
1873 30 15
1874 11 35
1875 39 21
1876 43 8
1877 16 17
1878 0 42
1879 18 4
1880 33 27
1881 44 0
1882 14 48
1883 41 25
1884 23 31
1885 45 21
1886 27 8
1887 37 42
1888 31 15
1889 30 46
1890 22 45
1891 48 38
1892 40 2
1893 31 14
1894 45 7
1895 7 40
1896 10 42
1897 29 35
1898 26 1
1899 46 27
1900 26 7
1901 23 34
1902 34 5
1903 37 44
1904 20 6
1905 3 43
1906 45 6
1907 5 31
1908 32 7
1909 2 30
1910 23 47
1911 16 27
1912 37 19
1913 15 1
1914 42 42
1915 15 5
1916 18 36
1917 40 22
1918 7 22
1919 49 37
1920 28 33
1921 49 37
1922 12 10
1923 4 33
1924 17 32
1925 16 1
1926 5 34
1927 35 5
1928 33 5
1929 48 22
1930 44 31
1931 46 34
1932 35 15
1933 9 9
1934 36 9
1935 48 21
1936 18 24
1937 4 3
1938 2 45
1939 5 21
1940 14 0
1941 4 3
1942 0 20
1943 10 18
1944 35 35
1945 49 40
1946 24 33
1947 20 7
1948 43 13
1949 19 44
1950 24 34
1951 27 24
1952 4 31
1953 6 25
1954 4 31
1955 17 19
1956 24 32
1957 45 33
1958 7 33
1959 9 27
1960 4 27
1961 1 11
1962 28 26
1963 20 8
1964 33 39
1965 14 12
1966 32 9
1967 3 0
1968 32 17
1969 14 23
1970 48 48
1971 38 12
1972 48 45
1973 25 10
1974 32 28
1975 10 42
1976 31 0
1977 8 21
1978 14 24
1979 0 14
1980 16 20
1981 43 13
1982 21 26
1983 25 35
1984 23 49
1985 44 2
1986 38 48
1987 15 16
1988 27 10
1989 16 25
1990 20 12
1991 45 10
1992 19 46
1993 12 3
1994 22 7
1995 27 43
1996 46 43
1997 11 0
1998 14 10
1999 8 24
2000 32 4
